# MISTIC
# http://mistic.leloir.org.ar
# "Mistic: Mutual Information Server to Infer Coevolution". Franco L Simonetti, Elin Teppa, Ariel Chernomoretz, Morten Nielsen, Cristina Marino Buslje
# Cumulative MI
# resnum	CMI
1	28.650492
2	0
3	58.980116
4	33.118833
5	48.476885
6	59.222567
7	13.455147
8	58.627404
9	18.243969
10	13.961614
11	44.578581
12	7.219199
13	40.772404
14	25.772127
15	33.469388
16	0
17	31.947119
18	57.900505
19	13.0298
20	43.606994
21	114.878734
22	47.181286
23	43.801053
24	0
25	0
26	23.105047
27	25.406703
28	0
29	8.675487
30	8.649949
31	59.171323
32	30.08656
33	7.204102
34	0
35	0
36	0
37	24.907541
38	7.204102
39	28.033493
40	0
41	0
42	0
43	6.998755
44	0
45	43.817519
46	17.818258
47	7.51631
48	22.86775
49	31.935632
50	48.741444
51	92.044056
52	7.51631
53	76.321973
54	73.596231
55	103.941603
56	52.292221
57	24.776084
58	70.179575
59	45.575647
60	20.002437
61	8.395669
62	30.516224
63	44.041074
64	12.763875
65	0
66	7.947959
67	30.481603
68	78.494061
69	45.258195
70	31.040545
