# MISTIC
# http://mistic.leloir.org.ar
# "Mistic: Mutual Information Server to Infer Coevolution". Franco L Simonetti, Elin Teppa, Ariel Chernomoretz, Morten Nielsen, Cristina Marino Buslje
# Cumulative MI
# resnum	CMI
1	130.371944
2	372.674312
3	62.737554
4	128.067762
5	209.517273
6	39.055363
7	127.973778
8	48.135959
9	171.893885
10	93.044704
11	147.763306
12	46.779513
13	53.725521
14	164.142878
15	552.742308
16	245.411932
17	246.978517
18	487.406345
19	407.171626
20	50.650602
21	85.19669
22	183.226566
23	55.503726
24	33.144996
25	91.212225
26	188.84856
27	28.451434
28	159.501802
29	28.10549
30	40.705688
31	0
32	150.8283
33	170.490445
34	179.110176
35	128.248174
36	99.820711
37	120.722864
38	107.77354
39	167.842955
40	129.595086
