# MISTIC
# http://mistic.leloir.org.ar
# "Mistic: Mutual Information Server to Infer Coevolution". Franco L Simonetti, Elin Teppa, Ariel Chernomoretz, Morten Nielsen, Cristina Marino Buslje. Nucleic Acids Research 2013; doi: 10.1093/nar/gkt427
# Wed Jan  4 04:31:28 2023
# -pf      1                    Print amino acid frequencies
# -cons    1                    Type of conservation measure [0] Shannon, [1] Kullback [2] Max freq
# -i       0.620000             Percent id for clustering
# -fsa     1                    Input is fasta format
# # Number of gaps allowed 20
# Alphabet                 A      R      N      D      C      Q      E      G      H      I      L      K      M      F      P      S      T      W      Y      V
1 F 0.3838 AAfreq 0.0509 0.1697 0.0594 0.0104 0.0018 0.0565 0.0110 0.0346 0.0298 0.0440 0.1009 0.1197 0.0117 0.0212 0.0201 0.0591 0.1146 0.0032 0.0200 0.0613
2 S 1.7251 AAfreq 0.4733 0.0083 0.0089 0.0053 0.0023 0.0033 0.0019 0.2198 0.0012 0.0027 0.0023 0.0038 0.0009 0.0014 0.0221 0.1956 0.0183 0.0002 0.0010 0.0274
3 C 5.0775 AAfreq 0.0027 0.0009 0.0006 0.0007 0.9801 0.0004 0.0006 0.0015 0.0003 0.0016 0.0023 0.0009 0.0006 0.0007 0.0006 0.0018 0.0013 0.0001 0.0005 0.0020
4 Q 0.3627 AAfreq 0.0467 0.0405 0.0515 0.2041 0.0019 0.0596 0.0733 0.0234 0.0204 0.0454 0.1244 0.0337 0.0135 0.0253 0.0035 0.0455 0.0779 0.0291 0.0173 0.0631
5 T 0.4806 AAfreq 0.1014 0.1312 0.0965 0.0072 0.0068 0.0605 0.0930 0.0252 0.0242 0.0182 0.0374 0.0145 0.0082 0.0318 0.0642 0.0748 0.1514 0.0050 0.0167 0.0319
6 C 5.0223 AAfreq 0.0034 0.0006 0.0006 0.0006 0.9747 0.0004 0.0006 0.0015 0.0005 0.0024 0.0028 0.0007 0.0007 0.0018 0.0007 0.0025 0.0020 0.0003 0.0007 0.0025
7 A 2.1904 AAfreq 0.0347 0.5859 0.0092 0.0017 0.0009 0.0227 0.0023 0.0032 0.0618 0.0068 0.0052 0.2004 0.0019 0.0050 0.0009 0.0215 0.0122 0.0017 0.0092 0.0129
8 R 0.8173 AAfreq 0.0891 0.2651 0.0177 0.0194 0.0013 0.0864 0.0388 0.0163 0.0168 0.0299 0.0514 0.1857 0.0058 0.0072 0.0014 0.0819 0.0513 0.0009 0.0053 0.0282
9 R 1.9489 AAfreq 0.0518 0.5873 0.0107 0.0041 0.0015 0.0386 0.0026 0.0125 0.0181 0.0058 0.0402 0.1274 0.0097 0.0044 0.0009 0.0701 0.0072 0.0011 0.0021 0.0039
10 K 2.8648 AAfreq 0.0023 0.1829 0.0036 0.0018 0.0009 0.0051 0.0026 0.0047 0.0731 0.0011 0.0018 0.7107 0.0005 0.0006 0.0011 0.0035 0.0017 0.0002 0.0007 0.0011
11 V 0.9029 AAfreq 0.0345 0.0673 0.0025 0.0020 0.0028 0.0281 0.0060 0.0039 0.0022 0.2278 0.1283 0.0762 0.0155 0.0036 0.0008 0.0403 0.0739 0.0010 0.0031 0.2802
12 K 2.6072 AAfreq 0.0208 0.2943 0.0025 0.0022 0.0006 0.0115 0.0025 0.0146 0.0022 0.0024 0.0033 0.6194 0.0008 0.0012 0.0029 0.0091 0.0044 0.0004 0.0008 0.0040
13 C 5.0847 AAfreq 0.0022 0.0006 0.0006 0.0006 0.9807 0.0004 0.0006 0.0011 0.0004 0.0015 0.0022 0.0007 0.0007 0.0007 0.0006 0.0021 0.0014 0.0001 0.0008 0.0023
14 D 1.7550 AAfreq 0.0197 0.0133 0.0507 0.5908 0.0039 0.0161 0.0308 0.0474 0.0083 0.0110 0.0155 0.0096 0.0023 0.0046 0.0284 0.0936 0.0346 0.0005 0.0039 0.0153
15 K 0.7536 AAfreq 0.0295 0.0811 0.0628 0.2029 0.0019 0.0308 0.2178 0.1211 0.0105 0.0065 0.0314 0.0524 0.0081 0.0051 0.0269 0.0682 0.0282 0.0007 0.0039 0.0103
16 A 0.4530 AAfreq 0.0892 0.1279 0.0356 0.0423 0.0010 0.0600 0.0968 0.1959 0.0157 0.0146 0.0275 0.0768 0.0049 0.0066 0.0225 0.0532 0.0813 0.0005 0.0052 0.0424
17 A 0.5119 AAfreq 0.0338 0.1821 0.0326 0.0274 0.0027 0.0907 0.0628 0.0843 0.0301 0.0140 0.0676 0.1852 0.0069 0.0163 0.0265 0.0481 0.0461 0.0046 0.0124 0.0261
18 P 1.5620 AAfreq 0.0249 0.0447 0.0293 0.0258 0.0025 0.0615 0.0241 0.0289 0.0169 0.0188 0.0335 0.0323 0.0075 0.0129 0.5194 0.0444 0.0333 0.0034 0.0119 0.0241
19 T 1.0080 AAfreq 0.0837 0.0482 0.0138 0.0058 0.0071 0.0367 0.0275 0.0279 0.0170 0.0459 0.0109 0.0483 0.0059 0.0110 0.3532 0.1059 0.0738 0.0010 0.0061 0.0702
20 C 5.0776 AAfreq 0.0027 0.0006 0.0006 0.0006 0.9801 0.0005 0.0006 0.0016 0.0003 0.0018 0.0024 0.0007 0.0006 0.0009 0.0005 0.0017 0.0012 0.0001 0.0007 0.0020
21 A 0.5646 AAfreq 0.0762 0.0741 0.0457 0.0357 0.0014 0.0763 0.0499 0.1178 0.0180 0.0138 0.0511 0.0452 0.0081 0.0100 0.0035 0.2473 0.0916 0.0034 0.0061 0.0248
22 R 1.0362 AAfreq 0.0638 0.2930 0.2201 0.0044 0.0017 0.0647 0.0133 0.0280 0.0353 0.0058 0.0259 0.0477 0.0064 0.0123 0.0277 0.0657 0.0451 0.0054 0.0248 0.0090
23 C 5.0913 AAfreq 0.0025 0.0006 0.0009 0.0006 0.9813 0.0004 0.0006 0.0011 0.0003 0.0017 0.0022 0.0007 0.0006 0.0007 0.0006 0.0015 0.0012 0.0001 0.0006 0.0019
24 R 0.4030 AAfreq 0.1001 0.1151 0.0119 0.0163 0.0042 0.0785 0.0660 0.0085 0.0159 0.0954 0.0903 0.0772 0.0109 0.0089 0.0009 0.0740 0.0898 0.0025 0.0052 0.1284
25 K 0.8860 AAfreq 0.0691 0.2642 0.0366 0.0335 0.0015 0.0490 0.0437 0.0177 0.0216 0.0161 0.0360 0.2404 0.0077 0.0073 0.0028 0.0821 0.0448 0.0021 0.0048 0.0192
26 S 0.5566 AAfreq 0.1210 0.2213 0.0470 0.0183 0.0030 0.0215 0.0112 0.0281 0.0525 0.0134 0.1300 0.0776 0.0131 0.0236 0.0021 0.1051 0.0497 0.0064 0.0393 0.0159
27 N 1.2131 AAfreq 0.0246 0.0579 0.1519 0.0559 0.0013 0.0432 0.0312 0.4156 0.0244 0.0017 0.0066 0.0898 0.0024 0.0037 0.0062 0.0696 0.0075 0.0006 0.0031 0.0028
28 A 0.3285 AAfreq 0.0549 0.1235 0.0140 0.0153 0.0100 0.0382 0.0416 0.0100 0.0231 0.1224 0.1864 0.0682 0.0135 0.0273 0.0033 0.0352 0.0569 0.0087 0.0265 0.1207
29 G 0.5721 AAfreq 0.0829 0.0410 0.0237 0.0947 0.0030 0.0765 0.2087 0.0188 0.0258 0.0260 0.0203 0.0591 0.0033 0.0047 0.0987 0.0681 0.0867 0.0005 0.0056 0.0519
30 C 5.0276 AAfreq 0.0034 0.0006 0.0006 0.0006 0.9753 0.0006 0.0012 0.0013 0.0006 0.0022 0.0025 0.0010 0.0006 0.0012 0.0008 0.0021 0.0012 0.0001 0.0007 0.0033
31 V 0.3712 AAfreq 0.0392 0.0382 0.0201 0.0409 0.0070 0.0437 0.1047 0.0280 0.0270 0.0849 0.0455 0.0370 0.0075 0.0152 0.0305 0.0887 0.1641 0.0017 0.0151 0.1608
32 Y 0.3665 AAfreq 0.0242 0.0387 0.0180 0.0330 0.0047 0.0328 0.0642 0.0618 0.0322 0.0611 0.0421 0.0217 0.0081 0.0901 0.0167 0.0695 0.0996 0.0085 0.1308 0.1424
33 E 0.9293 AAfreq 0.0351 0.0277 0.0323 0.0258 0.0022 0.0240 0.0421 0.0422 0.0130 0.0400 0.0468 0.0197 0.0048 0.0721 0.0251 0.0549 0.0537 0.0137 0.3499 0.0748
34 A 0.3667 AAfreq 0.0578 0.0522 0.0266 0.0831 0.0015 0.0357 0.0765 0.0590 0.0206 0.0203 0.0368 0.0316 0.0058 0.0300 0.1115 0.0949 0.0680 0.0195 0.1259 0.0427
35 P 0.2529 AAfreq 0.0558 0.0823 0.0324 0.0730 0.0017 0.0520 0.0879 0.0580 0.0146 0.0341 0.0471 0.0390 0.0056 0.0184 0.1151 0.0719 0.0648 0.0130 0.0715 0.0616
36 R 0.3434 AAfreq 0.0760 0.1025 0.0305 0.0556 0.0025 0.0473 0.0588 0.0460 0.0172 0.0269 0.0353 0.0796 0.0076 0.0173 0.1466 0.1168 0.0490 0.0058 0.0370 0.0416
37 P 0.3062 AAfreq 0.0662 0.1197 0.0331 0.0548 0.0022 0.0446 0.0531 0.0393 0.0157 0.0247 0.0637 0.0996 0.0089 0.0179 0.1215 0.1095 0.0609 0.0058 0.0198 0.0391
38 R 0.4166 AAfreq 0.0559 0.1707 0.0351 0.0476 0.0021 0.0646 0.0441 0.0628 0.0182 0.0187 0.0416 0.1331 0.0107 0.0109 0.1023 0.0710 0.0590 0.0043 0.0133 0.0340
39 K 0.4095 AAfreq 0.0660 0.2027 0.0343 0.0406 0.0031 0.0435 0.0478 0.0644 0.0176 0.0176 0.0412 0.1146 0.0124 0.0147 0.0786 0.0609 0.0622 0.0316 0.0135 0.0327
40 R 0.2949 AAfreq 0.0705 0.1364 0.0339 0.0363 0.0054 0.0437 0.0473 0.1077 0.0154 0.0231 0.0456 0.0806 0.0088 0.0104 0.0831 0.1204 0.0580 0.0173 0.0188 0.0375
