-0.250942	0.415830	0.076589	0.060297	0.027905	0.077333	0.032775	0.013389	0.007698	0.006112	0.006134	-0.006752	-0.012394	-0.002057	0.029131	-0.036210	0.011628	-0.007556	-0.006067	-0.016182	-0.032801	-0.007703	0.003498	-0.009025	0.017478	-0.036657	-0.008193	-0.020029	-0.042914	-0.050951	-0.061360	-0.033256	-0.014339	-0.021165	-0.048765	-0.022898	-0.017212	0.011851	-0.019147	0.014765	-0.043608	-0.029671	0.018422	-0.008421	0.004927	-0.018051	-0.008652	-0.025381	-0.031522	-0.040102	-0.027958	0.000228	-0.014570	-0.009009	-0.031466
0.415830	-0.189949	0.071407	0.057607	0.048705	0.107985	0.031634	0.042406	0.061513	-0.005758	0.000066	-0.001348	-0.042259	-0.019661	-0.034655	-0.037485	0.004708	-0.046418	-0.014471	0.012130	-0.016053	0.004673	-0.005791	0.001729	-0.029609	-0.073915	-0.014453	-0.029733	-0.042890	-0.016557	-0.060953	-0.030486	0.023139	-0.014323	-0.045316	0.007174	0.043459	-0.043640	0.072216	-0.030800	-0.064119	-0.049032	-0.009182	-0.001178	-0.018025	-0.023809	0.070541	-0.039342	-0.034564	-0.058028	0.000879	-0.029358	-0.054707	-0.019079	-0.037047
0.076589	0.071407	-0.336011	0.188506	0.124580	0.131624	0.069806	-0.028586	0.040037	0.021369	0.083592	0.025545	-0.024778	0.059082	-0.051946	-0.024635	0.013038	-0.000501	-0.041227	0.010443	0.034309	0.014056	0.002899	0.035341	-0.003962	0.015825	-0.017499	-0.004501	-0.020602	-0.019162	-0.051636	-0.062216	-0.053415	-0.014469	-0.051571	-0.003117	0.012950	-0.007213	-0.053052	0.025809	-0.048767	-0.041011	-0.057794	-0.012619	-0.065836	-0.064281	0.013802	-0.044898	-0.002939	-0.040825	-0.057848	-0.031849	0.010580	-0.020168	0.003503
0.060297	0.057607	0.188506	-0.346588	0.218140	0.171663	0.098141	0.074009	0.035720	-0.001855	0.042222	0.026800	0.038173	0.022621	0.021457	-0.040744	-0.002713	0.031684	-0.008489	0.005391	-0.000990	0.012636	-0.002556	-0.049615	0.010149	0.009575	0.000864	-0.018803	-0.020702	-0.070214	-0.094043	-0.014676	-0.029036	-0.029932	0.004387	-0.006321	-0.034877	-0.020122	-0.124528	0.003046	-0.040866	-0.023903	-0.071588	-0.024266	-0.043296	-0.058124	-0.024469	0.006995	-0.047940	-0.036963	-0.050684	-0.015172	-0.040453	-0.010996	-0.013087
0.027905	0.048705	0.124580	0.218140	-0.339046	0.213307	0.063535	0.147762	0.108736	0.047184	-0.024207	0.042508	0.265870	0.050131	0.041629	0.009277	-0.044246	-0.057467	0.026018	-0.030075	-0.072491	-0.059952	-0.005953	-0.100156	-0.027276	-0.003068	-0.023696	0.019788	-0.014800	-0.048818	-0.069677	-0.067043	-0.117203	-0.103858	-0.029616	-0.039851	-0.083662	-0.031882	-0.072694	-0.044510	0.040223	0.021373	-0.012549	-0.021457	-0.009137	-0.053772	-0.056066	-0.054724	-0.032794	-0.014972	-0.017479	0.014191	-0.036398	-0.003395	0.017650
0.077333	0.107985	0.131624	0.171663	0.213307	-0.374739	0.089198	0.084706	0.035429	0.079684	0.052297	0.026530	-0.004935	0.005109	0.057647	0.023890	0.014441	-0.049783	-0.028856	-0.009409	-0.048649	0.012590	0.004405	-0.038794	0.010134	-0.036908	0.005230	0.027118	0.000004	-0.057258	-0.090656	-0.089768	-0.056819	-0.027979	0.011654	-0.046019	-0.024422	-0.043304	0.026016	-0.003176	-0.088612	-0.068284	-0.057594	0.011021	0.003253	-0.021613	0.012463	-0.040776	-0.067083	-0.013700	0.023364	-0.075849	-0.037174	-0.046915	-0.058639
0.032775	0.031634	0.069806	0.098141	0.063535	0.089198	-0.266229	0.018198	0.045106	0.020209	0.087606	0.012089	0.005657	-0.000626	0.049276	0.008384	-0.010013	0.077511	-0.017373	-0.029441	-0.019303	-0.016459	-0.004072	-0.009039	-0.034862	0.021446	-0.009560	-0.009165	-0.009911	-0.031548	-0.055185	-0.008521	-0.034405	0.025848	-0.012858	-0.002889	-0.028394	-0.069613	-0.068191	-0.009125	-0.028160	-0.043762	0.001084	-0.006423	-0.072395	-0.064077	-0.029414	-0.008338	0.013524	0.000200	-0.027808	0.003037	-0.005419	-0.014326	0.038532
0.013389	0.042406	-0.028586	0.074009	0.147762	0.084706	0.018198	-0.482319	0.059187	0.055489	0.005688	0.059382	0.140212	0.064632	-0.015240	-0.002893	0.027785	-0.076666	0.165275	0.064098	-0.065940	-0.060303	-0.001566	-0.009054	-0.014594	-0.024283	-0.028117	-0.035350	-0.040667	-0.043699	-0.043983	-0.029623	-0.039173	-0.038373	-0.043278	-0.016247	-0.064057	0.035707	-0.011455	0.015872	0.103519	0.000677	0.083146	-0.022539	-0.052434	-0.012329	-0.015814	-0.067254	-0.054260	0.003918	0.011385	-0.019992	-0.087222	-0.022264	-0.035439
0.007698	0.061513	0.040037	0.035720	0.108736	0.035429	0.045106	0.059187	-0.021126	0.044010	0.041984	0.079995	0.010887	0.002477	-0.031106	0.008823	-0.008284	-0.010538	0.001385	-0.011562	-0.007489	0.008348	-0.001050	-0.002688	-0.009971	-0.030788	-0.016561	-0.016832	-0.021724	-0.006987	-0.016856	-0.034079	-0.025157	0.006551	-0.010213	-0.031286	-0.022626	-0.034191	-0.048553	0.024717	-0.032123	-0.032210	-0.017071	0.000501	-0.045582	-0.036104	-0.017085	-0.033977	-0.002377	-0.022898	-0.011695	-0.023713	0.014074	0.015124	-0.026563
0.006112	-0.005758	0.021369	-0.001855	0.047184	0.079684	0.020209	0.055489	0.044010	-0.047594	0.063826	0.088084	0.050370	0.099164	0.002174	-0.028117	0.015878	-0.027091	0.054085	0.023897	-0.020082	0.010072	0.006108	0.006364	-0.035464	-0.036430	-0.020718	0.003870	0.028533	-0.009639	-0.035665	-0.064202	-0.034439	-0.055393	-0.023062	-0.009947	-0.033112	-0.010445	-0.007594	-0.013198	-0.042686	-0.059457	0.005438	-0.009807	-0.019744	-0.032841	0.022454	-0.046839	-0.001857	0.009364	0.001977	-0.047180	-0.047416	-0.001622	-0.039673
0.006134	0.000066	0.083592	0.042222	-0.024207	0.052297	0.087606	0.005688	0.041984	0.063826	-0.330042	0.039758	0.028051	0.049331	0.047517	0.056265	0.078107	0.052900	-0.108111	0.040191	0.026283	0.035225	0.016998	-0.014109	0.013288	-0.071712	0.016364	-0.005577	-0.036444	-0.061992	-0.063810	-0.020073	-0.037351	-0.002686	-0.061246	-0.019888	0.046687	-0.036660	-0.050418	0.034256	-0.069373	-0.047395	-0.064615	0.043085	-0.031872	-0.064502	0.018934	-0.010191	0.056094	-0.024540	-0.041570	0.012476	-0.024648	-0.016346	-0.027644
-0.006752	-0.001348	0.025545	0.026800	0.042508	0.026530	0.012089	0.059382	0.079995	0.088084	0.039758	-0.023717	0.045820	0.038974	0.025226	-0.023156	-0.004232	0.013034	0.026887	0.013514	-0.009384	-0.005147	-0.000775	-0.019384	-0.008647	-0.019919	-0.009539	-0.015336	0.012005	0.016128	-0.022061	-0.012538	-0.032749	-0.028866	-0.021534	-0.029290	-0.038679	-0.051079	-0.026819	-0.015009	-0.019768	-0.032106	-0.019165	-0.008183	-0.045723	-0.021213	-0.007222	-0.013189	-0.008157	-0.025950	-0.001656	-0.035647	-0.009995	0.012633	-0.003835
-0.012394	-0.042259	-0.024778	0.038173	0.265870	-0.004935	0.005657	0.140212	0.010887	0.050370	0.028051	0.045820	-0.257004	0.136605	0.107865	0.079802	-0.060850	-0.037072	0.062160	-0.023491	-0.008619	-0.063531	0.008611	-0.068823	-0.035187	0.078875	0.010258	-0.015232	-0.065642	-0.114691	-0.068674	0.003609	-0.045887	-0.112471	-0.061061	-0.045799	-0.102494	-0.087047	-0.001248	-0.071329	0.158233	0.014963	0.060819	-0.023689	-0.057003	-0.023000	-0.060395	0.033610	-0.014365	-0.059548	-0.001694	0.089987	-0.021211	-0.044979	0.066122
-0.002057	-0.019661	0.059082	0.022621	0.050131	0.005109	-0.000626	0.064632	0.002477	0.099164	0.049331	0.038974	0.136605	-0.479968	0.085535	-0.013640	0.022187	0.023097	0.015980	-0.018520	0.000330	-0.021447	-0.000134	0.043907	-0.018075	0.009104	-0.004957	-0.005892	-0.021497	0.000869	-0.052835	-0.013728	-0.031358	-0.043967	-0.054667	-0.002972	-0.022621	-0.044565	-0.017337	0.001141	0.003175	-0.057660	0.016905	-0.008868	-0.064588	-0.058323	-0.012029	0.032568	0.027463	-0.015757	-0.006361	-0.032987	0.021564	-0.022728	0.010107
0.029131	-0.034655	-0.051946	0.021457	0.041629	0.057647	0.049276	-0.015240	-0.031106	0.002174	0.047517	0.025226	0.107865	0.085535	-0.456992	0.024767	0.050685	-0.010360	0.066007	0.029170	-0.028244	-0.052351	-0.005893	-0.065692	-0.029630	0.046753	0.008245	-0.019172	-0.020663	-0.066804	0.026069	0.031791	-0.020820	-0.046968	-0.046834	-0.005174	-0.067662	-0.042960	0.091524	-0.001771	0.067970	0.005742	-0.046275	-0.018475	0.018635	-0.034255	-0.085089	0.001943	-0.036750	0.009595	0.046949	0.057939	-0.008883	-0.023331	0.002928
-0.036210	-0.037485	-0.024635	-0.040744	0.009277	0.023890	0.008384	-0.002893	0.008823	-0.028117	0.056265	-0.023156	0.079802	-0.013640	0.024767	-0.144899	-0.023763	0.005415	0.073128	0.005190	0.059919	-0.023079	0.000211	0.019818	-0.000335	0.111793	0.008972	0.004679	-0.052898	-0.019773	-0.068104	-0.064176	-0.066855	0.009757	-0.008700	-0.033704	-0.024976	-0.047875	-0.027865	-0.007601	0.075289	-0.016098	0.022091	0.036704	-0.005932	0.003172	0.011664	0.059564	-0.008652	-0.006380	-0.014326	-0.047040	-0.019659	0.023542	0.017363
0.011628	0.004708	0.013038	-0.002713	-0.044246	0.014441	-0.010013	0.027785	-0.008284	0.015878	0.078107	-0.004232	-0.060850	0.022187	0.050685	-0.023763	-0.082460	0.022060	-0.002911	0.027008	0.062008	0.008463	-0.000723	0.057857	-0.011453	0.014729	-0.014011	-0.022345	-0.018220	-0.020881	-0.017781	-0.030607	-0.034572	-0.008141	-0.001903	-0.011426	0.012567	0.054316	-0.036996	0.051600	-0.040936	-0.030221	0.028308	-0.013937	-0.020520	0.007972	0.011509	-0.019317	-0.011076	-0.014069	0.001575	-0.029908	-0.045802	0.001012	-0.040982
-0.007556	-0.046418	-0.000501	0.031684	-0.057467	-0.049783	0.077511	-0.076666	-0.010538	-0.027091	0.052900	0.013034	-0.037072	0.023097	-0.010360	0.005415	0.022060	-0.147666	-0.011715	-0.025719	0.046875	0.017250	0.004849	0.030080	0.038918	0.003851	-0.004099	-0.002736	0.013422	0.005507	0.070475	0.072481	-0.005081	-0.005907	-0.012211	0.014585	-0.018013	-0.004778	-0.067872	0.001698	-0.039724	-0.036566	-0.015381	-0.014780	-0.024668	-0.012675	-0.038284	0.036015	0.040612	-0.004020	-0.024358	-0.017271	0.029561	0.019083	0.004209
-0.006067	-0.014471	-0.041227	-0.008489	0.026018	-0.028856	-0.017373	0.165275	0.001385	0.054085	-0.108111	0.026887	0.062160	0.015980	0.066007	0.073128	-0.002911	-0.011715	-0.565495	0.075233	0.043413	-0.022854	-0.001835	0.040620	-0.025293	-0.043260	0.007180	-0.047837	-0.042981	-0.055013	0.000985	-0.039306	0.001930	-0.045765	-0.031223	-0.024248	-0.084419	0.027620	0.100298	-0.015461	0.115941	-0.031743	0.054419	-0.001093	0.015107	0.084857	0.016355	-0.053818	-0.038256	0.020259	0.052009	-0.056526	-0.071270	0.025032	0.008959
-0.016182	0.012130	0.010443	0.005391	-0.030075	-0.009409	-0.029441	0.064098	-0.011562	0.023897	0.040191	0.013514	-0.023491	-0.018520	0.029170	0.005190	0.027008	-0.025719	0.075233	-0.173294	0.008877	0.043046	0.001786	0.062900	-0.011681	-0.010863	-0.016475	-0.029185	-0.007605	0.000129	-0.075912	-0.053905	-0.051928	0.003435	-0.025993	0.004075	-0.015764	-0.022666	0.074481	-0.003182	0.021263	-0.020734	0.016887	-0.001687	0.027316	-0.021439	0.035136	0.030112	0.005932	-0.012591	-0.021323	0.007701	-0.047592	-0.018536	-0.039533
-0.032801	-0.016053	0.034309	-0.000990	-0.072491	-0.048649	-0.019303	-0.065940	-0.007489	-0.020082	0.026283	-0.009384	-0.008619	0.000330	-0.028244	0.059919	0.062008	0.046875	0.043413	0.008877	-0.361921	0.017903	0.006266	0.168495	0.004890	0.077748	-0.020914	-0.006101	-0.017493	-0.053651	-0.039612	0.005971	0.005719	0.008405	0.020866	0.028038	-0.014503	0.041688	-0.037219	-0.001978	-0.042539	-0.000249	0.043574	-0.001639	0.050518	0.012149	-0.029772	-0.018119	0.015789	-0.043854	-0.059158	-0.030813	0.028952	-0.003500	0.009474
-0.007703	0.004673	0.014056	0.012636	-0.059952	0.012590	-0.016459	-0.060303	0.008348	0.010072	0.035225	-0.005147	-0.063531	-0.021447	-0.052351	-0.023079	0.008463	0.017250	-0.022854	0.043046	0.017903	-0.251360	0.001462	0.054497	-0.003106	0.011310	0.006341	-0.002323	-0.000823	-0.006923	-0.046005	-0.027185	0.035976	0.041319	0.035366	0.008847	0.043481	0.005001	-0.000556	0.074537	-0.045639	0.025787	-0.014737	-0.005250	-0.013012	-0.005693	0.012433	0.008800	0.009662	-0.003429	-0.005865	-0.021870	0.019816	-0.012120	-0.017373
0.003498	-0.005791	0.002899	-0.002556	-0.005953	0.004405	-0.004072	-0.001566	-0.001050	0.006108	0.016998	-0.000775	0.008611	-0.000134	-0.005893	0.000211	-0.000723	0.004849	-0.001835	0.001786	0.006266	0.001462	-0.000814	0.009570	-0.000149	0.000287	0.003886	-0.003154	0.002043	-0.001539	-0.006366	-0.005385	-0.010791	-0.004754	-0.003973	-0.003443	0.003293	0.002089	-0.002388	-0.000234	-0.001660	0.001130	-0.004274	0.008112	-0.003289	-0.002627	-0.004689	-0.000217	-0.000634	-0.003571	-0.002562	-0.000764	-0.002684	-0.001544	0.000850
-0.009025	0.001729	0.035341	-0.049615	-0.100156	-0.038794	-0.009039	-0.009054	-0.002688	0.006364	-0.014109	-0.019384	-0.068823	0.043907	-0.065692	0.019818	0.057857	0.030080	0.040620	0.062900	0.168495	0.054497	0.009570	-0.285641	-0.014934	0.028200	-0.008099	0.054207	-0.049439	0.000206	-0.038175	-0.088275	-0.069329	0.001547	-0.024458	-0.010167	0.044376	0.056550	-0.039023	-0.001279	0.032290	0.024788	0.125114	-0.001476	0.058412	-0.021092	0.021739	-0.065826	-0.046457	0.028673	-0.017339	-0.058947	-0.016952	0.010130	-0.026974
0.017478	-0.029609	-0.003962	0.010149	-0.027276	0.010134	-0.034862	-0.014594	-0.009971	-0.035464	0.013288	-0.008647	-0.035187	-0.018075	-0.029630	-0.000335	-0.011453	0.038918	-0.025293	-0.011681	0.004890	-0.003106	-0.000149	-0.014934	-0.155412	0.027541	0.057625	0.030763	0.001690	0.008371	-0.003899	0.003531	0.003085	0.034263	0.075957	0.002863	0.002432	0.018973	-0.034993	0.006871	-0.020420	0.031990	-0.039069	0.011221	0.005256	0.015833	-0.023560	-0.007095	0.005976	0.002049	-0.049579	-0.012270	0.033220	0.010120	-0.010470
-0.036657	-0.073915	0.015825	0.009575	-0.003068	-0.036908	0.021446	-0.024283	-0.030788	-0.036430	-0.071712	-0.019919	0.078875	0.009104	0.046753	0.111793	0.014729	0.003851	-0.043260	-0.010863	0.077748	0.011310	0.000287	0.028200	0.027541	-0.214210	0.012245	0.036488	-0.020295	-0.012453	-0.006131	-0.016253	-0.062716	-0.036287	-0.009975	-0.006170	-0.019602	-0.045040	-0.009490	-0.021680	0.082276	0.026246	0.025406	-0.022230	-0.036183	-0.010971	-0.030704	0.034251	0.011554	0.005761	-0.032838	0.059978	0.004164	-0.004648	0.031305
-0.008193	-0.014453	-0.017499	0.000864	-0.023696	0.005230	-0.009560	-0.028117	-0.016561	-0.020718	0.016364	-0.009539	0.010258	-0.004957	0.008245	0.008972	-0.014011	-0.004099	0.007180	-0.016475	-0.020914	0.006341	0.003886	-0.008099	0.057625	0.012245	-0.075482	0.064476	0.004314	-0.001570	-0.004696	0.001605	0.013294	0.009741	0.030958	-0.023684	0.032164	0.019458	-0.030859	0.020567	-0.042315	-0.043056	-0.022757	0.014527	-0.012884	0.024467	-0.012746	-0.017433	-0.000016	0.028409	-0.029164	0.007930	0.000721	0.001299	-0.007566
-0.020029	-0.029733	-0.004501	-0.018803	0.019788	0.027118	-0.009165	-0.035350	-0.016832	0.003870	-0.005577	-0.015336	-0.015232	-0.005892	-0.019172	0.004679	-0.022345	-0.002736	-0.047837	-0.029185	-0.006101	-0.002323	-0.003154	0.054207	0.030763	0.036488	0.064476	-0.034972	0.019571	0.009402	0.006054	-0.005067	0.009811	-0.022131	0.011523	-0.004631	0.018094	-0.012742	0.026278	-0.018535	-0.018711	0.026378	-0.032512	-0.008555	0.016015	0.013705	-0.024379	-0.025507	-0.006520	0.067052	-0.023501	0.019582	-0.003504	-0.003983	-0.018771
-0.042914	-0.042890	-0.020602	-0.020702	-0.014800	0.000004	-0.009911	-0.040667	-0.021724	0.028533	-0.036444	0.012005	-0.065642	-0.021497	-0.020663	-0.052898	-0.018220	0.013422	-0.042981	-0.007605	-0.017493	-0.000823	0.002043	-0.049439	0.001690	-0.020295	0.004314	0.019571	-0.099706	0.377626	0.187587	0.088647	0.033914	-0.015220	0.048780	0.019535	0.004750	-0.080572	0.000891	-0.038517	-0.058955	0.008328	-0.048605	-0.014405	0.026513	-0.044240	-0.019771	0.018032	0.006786	-0.013969	-0.013226	-0.042946	0.007264	0.001353	-0.002636
-0.050951	-0.016557	-0.019162	-0.070214	-0.048818	-0.057258	-0.031548	-0.043699	-0.006987	-0.009639	-0.061992	0.016128	-0.114691	0.000869	-0.066804	-0.019773	-0.020881	0.005507	-0.055013	0.000129	-0.053651	-0.006923	-0.001539	0.000206	0.008371	-0.012453	-0.001570	0.009402	0.377626	-0.166072	0.261468	0.132063	0.071006	0.022270	0.020623	0.029004	0.008838	-0.005477	-0.044781	-0.048169	-0.034801	-0.011481	-0.051610	-0.010545	-0.020279	-0.013567	0.002255	0.028572	-0.007970	0.011513	0.019695	-0.038953	0.014494	0.013033	-0.022048
-0.061360	-0.060953	-0.051636	-0.094043	-0.069677	-0.090656	-0.055185	-0.043983	-0.016856	-0.035665	-0.063810	-0.022061	-0.068674	-0.052835	0.026069	-0.068104	-0.017781	0.070475	0.000985	-0.075912	-0.039612	-0.046005	-0.006366	-0.038175	-0.003899	-0.006131	-0.004696	0.006054	0.187587	0.261468	-0.474442	0.318824	0.183643	0.071303	0.017402	-0.021511	0.001150	0.022013	0.022343	-0.052270	0.028632	0.059232	-0.057633	-0.020481	0.019073	-0.020047	-0.047409	0.038622	0.012258	-0.010878	0.024571	0.022700	0.044198	0.005861	0.028405
-0.033256	-0.030486	-0.062216	-0.014676	-0.067043	-0.089768	-0.008521	-0.029623	-0.034079	-0.064202	-0.020073	-0.012538	0.003609	-0.013728	0.031791	-0.064176	-0.030607	0.072481	-0.039306	-0.053905	0.005971	-0.027185	-0.005385	-0.088275	0.003531	-0.016253	0.001605	-0.005067	0.088647	0.132063	0.318824	-0.447237	0.259739	0.099935	0.005325	0.023701	-0.028963	0.046835	-0.005794	-0.041948	-0.006664	0.011997	-0.009504	-0.024606	-0.035249	0.037505	-0.064597	0.046493	-0.005898	-0.047974	-0.013043	0.022020	0.006127	-0.022745	0.029994
-0.014339	0.023139	-0.053415	-0.029036	-0.117203	-0.056819	-0.034405	-0.039173	-0.025157	-0.034439	-0.037351	-0.032749	-0.045887	-0.031358	-0.020820	-0.066855	-0.034572	-0.005081	0.001930	-0.051928	0.005719	0.035976	-0.010791	-0.069329	0.003085	-0.062716	0.013294	0.009811	0.033914	0.071006	0.183643	0.259739	-0.459036	0.095459	0.055131	0.121411	0.041426	0.049961	0.091028	-0.015021	-0.005298	0.042182	-0.045136	-0.016819	-0.031256	0.059231	0.005775	-0.011244	-0.035421	-0.042482	-0.004088	0.039664	-0.025055	-0.001864	0.003081
-0.021165	-0.014323	-0.014469	-0.029932	-0.103858	-0.027979	0.025848	-0.038373	0.006551	-0.055393	-0.002686	-0.028866	-0.112471	-0.043967	-0.046968	0.009757	-0.008141	-0.005907	-0.045765	0.003435	0.008405	0.041319	-0.004754	0.001547	0.034263	-0.036287	0.009741	-0.022131	-0.015220	0.022270	0.071303	0.099935	0.095459	-0.456710	0.106228	0.057175	0.136414	0.045622	0.001278	0.048368	-0.093075	0.021190	-0.042179	0.020216	-0.019337	0.014024	-0.001505	-0.019293	0.048944	-0.015687	0.014834	0.013372	0.045014	0.023019	-0.018818
-0.048765	-0.045316	-0.051571	0.004387	-0.029616	0.011654	-0.012858	-0.043278	-0.010213	-0.023062	-0.061246	-0.021534	-0.061061	-0.054667	-0.046834	-0.008700	-0.001903	-0.012211	-0.031223	-0.025993	0.020866	0.035366	-0.003973	-0.024458	0.075957	-0.009975	0.030958	0.011523	0.048780	0.020623	0.017402	0.005325	0.055131	0.106228	-0.303666	0.111393	0.011009	0.002008	0.037976	0.030349	-0.037878	0.070826	-0.055911	0.030673	0.005113	0.016036	-0.045756	-0.025773	0.010672	0.012480	-0.004817	-0.007782	0.059688	0.019197	-0.012290
-0.022898	0.007174	-0.003117	-0.006321	-0.039851	-0.046019	-0.002889	-0.016247	-0.031286	-0.009947	-0.019888	-0.029290	-0.045799	-0.002972	-0.005174	-0.033704	-0.011426	0.014585	-0.024248	0.004075	0.028038	0.008847	-0.003443	-0.010167	0.002863	-0.006170	-0.023684	-0.004631	0.019535	0.029004	-0.021511	0.023701	0.121411	0.057175	0.111393	-0.304118	0.034428	0.029586	0.015020	-0.031696	-0.050219	0.059818	-0.030903	-0.019147	-0.006057	-0.027887	0.010542	-0.001304	0.007454	0.005958	0.005971	0.006496	0.006097	0.023283	-0.001344
-0.017212	0.043459	0.012950	-0.034877	-0.083662	-0.024422	-0.028394	-0.064057	-0.022626	-0.033112	0.046687	-0.038679	-0.102494	-0.022621	-0.067662	-0.024976	0.012567	-0.018013	-0.084419	-0.015764	-0.014503	0.043481	0.003293	0.044376	0.002432	-0.019602	0.032164	0.018094	0.004750	0.008838	0.001150	-0.028963	0.041426	0.136414	0.011009	0.034428	-0.149183	0.091734	0.073632	0.020550	-0.041231	0.018516	-0.037772	0.010828	0.020673	0.018129	0.038091	-0.033807	0.014433	0.041472	-0.010745	0.004000	0.019325	-0.008888	-0.023950
0.011851	-0.043640	-0.007213	-0.020122	-0.031882	-0.043304	-0.069613	0.035707	-0.034191	-0.010445	-0.036660	-0.051079	-0.087047	-0.044565	-0.042960	-0.047875	0.054316	-0.004778	0.027620	-0.022666	0.041688	0.005001	0.002089	0.056550	0.018973	-0.045040	0.019458	-0.012742	-0.080572	-0.005477	0.022013	0.046835	0.049961	0.045622	0.002008	0.029586	0.091734	-0.440522	0.014569	0.091373	0.006956	0.047258	0.073713	0.020374	0.101291	0.165293	-0.021804	-0.042479	-0.047972	0.033465	-0.023255	-0.070085	-0.017010	-0.018102	-0.006211
-0.019147	0.072216	-0.053052	-0.124528	-0.072694	0.026016	-0.068191	-0.011455	-0.048553	-0.007594	-0.050418	-0.026819	-0.001248	-0.017337	0.091524	-0.027865	-0.036996	-0.067872	0.100298	0.074481	-0.037219	-0.000556	-0.002388	-0.039023	-0.034993	-0.009490	-0.030859	0.026278	0.000891	-0.044781	0.022343	-0.005794	0.091028	0.001278	0.037976	0.015020	0.073632	0.014569	-0.429033	-0.056109	0.083179	0.195045	0.026089	-0.013024	-0.001449	0.008183	0.072020	0.008042	-0.047347	-0.001060	0.171845	0.018996	-0.066406	-0.035328	-0.052214
0.014765	-0.030800	0.025809	0.003046	-0.044510	-0.003176	-0.009125	0.015872	0.024717	-0.013198	0.034256	-0.015009	-0.071329	0.001141	-0.001771	-0.007601	0.051600	0.001698	-0.015461	-0.003182	-0.001978	0.074537	-0.000234	-0.001279	0.006871	-0.021680	0.020567	-0.018535	-0.038517	-0.048169	-0.052270	-0.041948	-0.015021	0.048368	0.030349	-0.031696	0.020550	0.091373	-0.056109	-0.084720	-0.012804	0.012340	0.068751	0.046092	-0.003780	-0.013153	-0.029830	-0.027324	0.011220	-0.008501	-0.023756	-0.008812	0.007846	0.011587	-0.005783
-0.043608	-0.064119	-0.048767	-0.040866	0.040223	-0.088612	-0.028160	0.103519	-0.032123	-0.042686	-0.069373	-0.019768	0.158233	0.003175	0.067970	0.075289	-0.040936	-0.039724	0.115941	0.021263	-0.042539	-0.045639	-0.001660	0.032290	-0.020420	0.082276	-0.042315	-0.018711	-0.058955	-0.034801	0.028632	-0.006664	-0.005298	-0.093075	-0.037878	-0.050219	-0.041231	0.006956	0.083179	-0.012804	-0.384735	0.023151	0.071831	0.009985	0.073209	0.031310	0.004074	0.058253	0.024290	0.002590	0.018077	0.054766	-0.031244	-0.034958	0.037948
-0.029671	-0.049032	-0.041011	-0.023903	0.021373	-0.068284	-0.043762	0.000677	-0.032210	-0.059457	-0.047395	-0.032106	0.014963	-0.057660	0.005742	-0.016098	-0.030221	-0.036566	-0.031743	-0.020734	-0.000249	0.025787	0.001130	0.024788	0.031990	0.026246	-0.043056	0.026378	0.008328	-0.011481	0.059232	0.011997	0.042182	0.021190	0.070826	0.059818	0.018516	0.047258	0.195045	0.012340	0.023151	-0.326208	-0.050951	0.001430	0.051150	0.051481	-0.043167	0.009647	-0.027790	-0.024071	-0.020353	0.040406	0.008505	-0.008239	-0.006372
0.018422	-0.009182	-0.057794	-0.071588	-0.012549	-0.057594	0.001084	0.083146	-0.017071	0.005438	-0.064615	-0.019165	0.060819	0.016905	-0.046275	0.022091	0.028308	-0.015381	0.054419	0.016887	0.043574	-0.014737	-0.004274	0.125114	-0.039069	0.025406	-0.022757	-0.032512	-0.048605	-0.051610	-0.057633	-0.009504	-0.045136	-0.042179	-0.055911	-0.030903	-0.037772	0.073713	0.026089	0.068751	0.071831	-0.050951	-0.219208	0.020036	0.051933	0.018038	0.051256	-0.006509	-0.020454	-0.000653	0.048830	0.003031	0.000415	-0.014117	0.018664
-0.008421	-0.001178	-0.012619	-0.024266	-0.021457	0.011021	-0.006423	-0.022539	0.000501	-0.009807	0.043085	-0.008183	-0.023689	-0.008868	-0.018475	0.036704	-0.013937	-0.014780	-0.001093	-0.001687	-0.001639	-0.005250	0.008112	-0.001476	0.011221	-0.022230	0.014527	-0.008555	-0.014405	-0.010545	-0.020481	-0.024606	-0.016819	0.020216	0.030673	-0.019147	0.010828	0.020374	-0.013024	0.046092	0.009985	0.001430	0.020036	-0.010343	0.006489	0.000960	0.005459	0.001225	-0.008184	0.007080	-0.007087	0.003774	0.020914	0.015792	-0.013398
0.004927	-0.018025	-0.065836	-0.043296	-0.009137	0.003253	-0.072395	-0.052434	-0.045582	-0.019744	-0.031872	-0.045723	-0.057003	-0.064588	0.018635	-0.005932	-0.020520	-0.024668	0.015107	0.027316	0.050518	-0.013012	-0.003289	0.058412	0.005256	-0.036183	-0.012884	0.016015	0.026513	-0.020279	0.019073	-0.035249	-0.031256	-0.019337	0.005113	-0.006057	0.020673	0.101291	-0.001449	-0.003780	0.073209	0.051150	0.051933	0.006489	-0.453623	0.153481	0.100210	0.008855	0.004466	0.025849	0.016479	-0.002510	0.045683	-0.006589	-0.006301
-0.018051	-0.023809	-0.064281	-0.058124	-0.053772	-0.021613	-0.064077	-0.012329	-0.036104	-0.032841	-0.064502	-0.021213	-0.023000	-0.058323	-0.034255	0.003172	0.007972	-0.012675	0.084857	-0.021439	0.012149	-0.005693	-0.002627	-0.021092	0.015833	-0.010971	0.024467	0.013705	-0.044240	-0.013567	-0.020047	0.037505	0.059231	0.014024	0.016036	-0.027887	0.018129	0.165293	0.008183	-0.013153	0.031310	0.051481	0.018038	0.000960	0.153481	-0.569698	0.050284	0.051734	0.036986	0.039735	0.000820	0.011262	0.079481	-0.009360	-0.004476
-0.008652	0.070541	0.013802	-0.024469	-0.056066	0.012463	-0.029414	-0.015814	-0.017085	0.022454	0.018934	-0.007222	-0.060395	-0.012029	-0.085089	0.011664	0.011509	-0.038284	0.016355	0.035136	-0.029772	0.012433	-0.004689	0.021739	-0.023560	-0.030704	-0.012746	-0.024379	-0.019771	0.002255	-0.047409	-0.064597	0.005775	-0.001505	-0.045756	0.010542	0.038091	-0.021804	0.072020	-0.029830	0.004074	-0.043167	0.051256	0.005459	0.100210	0.050284	-0.124982	0.028239	0.010454	-0.007206	0.067557	-0.000608	0.012320	0.023218	-0.009038
-0.025381	-0.039342	-0.044898	0.006995	-0.054724	-0.040776	-0.008338	-0.067254	-0.033977	-0.046839	-0.010191	-0.013189	0.033610	0.032568	0.001943	0.059564	-0.019317	0.036015	-0.053818	0.030112	-0.018119	0.008800	-0.000217	-0.065826	-0.007095	0.034251	-0.017433	-0.025507	0.018032	0.028572	0.038622	0.046493	-0.011244	-0.019293	-0.025773	-0.001304	-0.033807	-0.042479	0.008042	-0.027324	0.058253	0.009647	-0.006509	0.001225	0.008855	0.051734	0.028239	-0.258138	0.065864	0.013278	-0.019574	0.065730	0.034942	-0.000204	0.076129
-0.031522	-0.034564	-0.002939	-0.047940	-0.032794	-0.067083	0.013524	-0.054260	-0.002377	-0.001857	0.056094	-0.008157	-0.014365	0.027463	-0.036750	-0.008652	-0.011076	0.040612	-0.038256	0.005932	0.015789	0.009662	-0.000634	-0.046457	0.005976	0.011554	-0.000016	-0.006520	0.006786	-0.007970	0.012258	-0.005898	-0.035421	0.048944	0.010672	0.007454	0.014433	-0.047972	-0.047347	0.011220	0.024290	-0.027790	-0.020454	-0.008184	0.004466	0.036986	0.010454	0.065864	-0.183694	0.013086	-0.031442	0.054367	0.049945	0.017937	0.083846
-0.040102	-0.058028	-0.040825	-0.036963	-0.014972	-0.013700	0.000200	0.003918	-0.022898	0.009364	-0.024540	-0.025950	-0.059548	-0.015757	0.009595	-0.006380	-0.014069	-0.004020	0.020259	-0.012591	-0.043854	-0.003429	-0.003571	0.028673	0.002049	0.005761	0.028409	0.067052	-0.013969	0.011513	-0.010878	-0.047974	-0.042482	-0.015687	0.012480	0.005958	0.041472	0.033465	-0.001060	-0.008501	0.002590	-0.024071	-0.000653	0.007080	0.025849	0.039735	-0.007206	0.013278	0.013086	-0.092430	0.059607	0.011295	0.043193	0.034744	0.031647
-0.027958	0.000879	-0.057848	-0.050684	-0.017479	0.023364	-0.027808	0.011385	-0.011695	0.001977	-0.041570	-0.001656	-0.001694	-0.006361	0.046949	-0.014326	0.001575	-0.024358	0.052009	-0.021323	-0.059158	-0.005865	-0.002562	-0.017339	-0.049579	-0.032838	-0.029164	-0.023501	-0.013226	0.019695	0.024571	-0.013043	-0.004088	0.014834	-0.004817	0.005971	-0.010745	-0.023255	0.171845	-0.023756	0.018077	-0.020353	0.048830	-0.007087	0.016479	0.000820	0.067557	-0.019574	-0.031442	0.059607	-0.099856	0.025337	-0.014640	0.047983	0.001403
0.000228	-0.029358	-0.031849	-0.015172	0.014191	-0.075849	0.003037	-0.019992	-0.023713	-0.047180	0.012476	-0.035647	0.089987	-0.032987	0.057939	-0.047040	-0.029908	-0.017271	-0.056526	0.007701	-0.030813	-0.021870	-0.000764	-0.058947	-0.012270	0.059978	0.007930	0.019582	-0.042946	-0.038953	0.022700	0.022020	0.039664	0.013372	-0.007782	0.006496	0.004000	-0.070085	0.018996	-0.008812	0.054766	0.040406	0.003031	0.003774	-0.002510	0.011262	-0.000608	0.065730	0.054367	0.011295	0.025337	-0.265467	0.073110	-0.011050	0.048230
-0.014570	-0.054707	0.010580	-0.040453	-0.036398	-0.037174	-0.005419	-0.087222	0.014074	-0.047416	-0.024648	-0.009995	-0.021211	0.021564	-0.008883	-0.019659	-0.045802	0.029561	-0.071270	-0.047592	0.028952	0.019816	-0.002684	-0.016952	0.033220	0.004164	0.000721	-0.003504	0.007264	0.014494	0.044198	0.006127	-0.025055	0.045014	0.059688	0.006097	0.019325	-0.017010	-0.066406	0.007846	-0.031244	0.008505	0.000415	0.020914	0.045683	0.079481	0.012320	0.034942	0.049945	0.043193	-0.014640	0.073110	-0.310492	0.035661	0.019910
-0.009009	-0.019079	-0.020168	-0.010996	-0.003395	-0.046915	-0.014326	-0.022264	0.015124	-0.001622	-0.016346	0.012633	-0.044979	-0.022728	-0.023331	0.023542	0.001012	0.019083	0.025032	-0.018536	-0.003500	-0.012120	-0.001544	0.010130	0.010120	-0.004648	0.001299	-0.003983	0.001353	0.013033	0.005861	-0.022745	-0.001864	0.023019	0.019197	0.023283	-0.008888	-0.018102	-0.035328	0.011587	-0.034958	-0.008239	-0.014117	0.015792	-0.006589	-0.009360	0.023218	-0.000204	0.017937	0.034744	0.047983	-0.011050	0.035661	-0.025001	0.030486
-0.031466	-0.037047	0.003503	-0.013087	0.017650	-0.058639	0.038532	-0.035439	-0.026563	-0.039673	-0.027644	-0.003835	0.066122	0.010107	0.002928	0.017363	-0.040982	0.004209	0.008959	-0.039533	0.009474	-0.017373	0.000850	-0.026974	-0.010470	0.031305	-0.007566	-0.018771	-0.002636	-0.022048	0.028405	0.029994	0.003081	-0.018818	-0.012290	-0.001344	-0.023950	-0.006211	-0.052214	-0.005783	0.037948	-0.006372	0.018664	-0.013398	-0.006301	-0.004476	-0.009038	0.076129	0.083846	0.031647	0.001403	0.048230	0.019910	0.030486	-0.225438
