-0.014701	0.025017	0.000476	-0.000889	0.008634	0.000000	-0.012568	-0.008141	-0.008367	-0.001348	-0.006346	-0.000255	-0.000362	0.001040	-0.001075	-0.000737	-0.004774	-0.005626	0.000000	0.021128	0.001773	-0.010733	-0.001120
0.025017	-0.089270	0.000409	0.050702	0.028538	-0.000000	-0.000476	-0.003606	0.054003	0.000650	-0.012483	-0.024802	0.001306	-0.028103	-0.018535	-0.001122	-0.002752	-0.018405	-0.000000	0.015691	-0.007004	-0.013815	-0.002691
0.000476	0.000409	-0.000002	-0.000032	0.000004	0.000000	-0.000226	0.000024	-0.000176	-0.000036	-0.000040	-0.000066	-0.000121	-0.000037	-0.000028	0.000061	-0.000199	0.000016	0.000000	-0.000180	-0.000020	-0.000033	-0.000025
-0.000889	0.050702	-0.000032	-0.117893	0.030779	-0.000000	-0.002935	0.013014	0.056194	-0.002422	-0.009095	-0.026937	-0.005874	-0.029263	-0.021200	-0.002953	0.014647	-0.001050	-0.000000	0.020095	-0.008239	-0.007426	-0.002947
0.008634	0.028538	0.000004	0.030779	-0.063416	-0.000000	0.029099	-0.011388	-0.023499	-0.001236	-0.012447	-0.014019	-0.021252	-0.007191	-0.007491	0.001223	-0.001107	-0.009137	-0.000000	0.037455	-0.002126	0.000464	-0.001291
0.000000	-0.000000	0.000000	-0.000000	-0.000000	-0.000000	-0.000000	0.000000	-0.000000	0.000000	0.000000	0.000000	-0.000000	-0.000000	0.000000	0.000000	-0.000000	-0.000000	0.000000	-0.000000	0.000000	0.000000	0.000000
-0.012568	-0.000476	-0.000226	-0.002935	0.029099	-0.000000	-0.031945	-0.001026	0.017807	-0.002733	-0.002982	-0.006875	0.009703	-0.001038	-0.008908	-0.000539	-0.007145	-0.012567	-0.000000	0.011180	-0.008977	0.007114	-0.001927
-0.008141	-0.003606	0.000024	0.013014	-0.011388	0.000000	-0.001026	-0.015838	0.003886	0.006866	0.005637	-0.006078	-0.008139	-0.005256	0.006074	-0.000390	-0.003191	0.005493	0.000000	-0.007900	-0.004968	0.016767	-0.001532
-0.008367	0.054003	-0.000176	0.056194	-0.023499	-0.000000	0.017807	0.003886	-0.085590	-0.001677	-0.009760	-0.015775	0.013379	-0.014449	-0.013524	-0.003140	0.010776	-0.012044	-0.000000	0.001069	-0.013389	0.001614	-0.003114
-0.001348	0.000650	-0.000036	-0.002422	-0.001236	0.000000	-0.002733	0.006866	-0.001677	-0.000720	0.000783	0.002208	-0.000500	-0.002566	0.000697	0.000105	-0.002644	-0.001171	0.000000	-0.000504	0.001086	0.001193	-0.000229
-0.006346	-0.012483	-0.000040	-0.009095	-0.012447	0.000000	-0.002982	0.005637	-0.009760	0.000783	-0.021910	0.021057	0.002930	-0.001651	0.016474	0.001057	-0.003039	0.005814	0.000000	-0.011769	0.004958	0.010472	-0.000819
-0.000255	-0.024802	-0.000066	-0.026937	-0.014019	0.000000	-0.006875	-0.006078	-0.015775	0.002208	0.021057	-0.019555	-0.000466	0.059840	0.026139	0.003361	-0.013061	0.011197	0.000000	-0.019076	0.006973	-0.005317	-0.000375
-0.000362	0.001306	-0.000121	-0.005874	-0.021252	-0.000000	0.009703	-0.008139	0.013379	-0.000500	0.002930	-0.000466	-0.052103	0.010501	-0.002117	-0.000522	0.037357	-0.000401	-0.000000	-0.004761	-0.002572	-0.010102	-0.001601
0.001040	-0.028103	-0.000037	-0.029263	-0.007191	-0.000000	-0.001038	-0.005256	-0.014449	-0.002566	-0.001651	0.059840	0.010501	-0.034463	0.022773	0.000495	0.004257	0.009148	-0.000000	-0.010599	-0.003299	0.001111	-0.000298
-0.001075	-0.018535	-0.000028	-0.021200	-0.007491	0.000000	-0.008908	0.006074	-0.013524	0.000697	0.016474	0.026139	-0.002117	0.022773	-0.021212	0.002091	-0.010658	0.033998	0.000000	-0.021855	0.001032	-0.005214	-0.000248
-0.000737	-0.001122	0.000061	-0.002953	0.001223	0.000000	-0.000539	-0.000390	-0.003140	0.000105	0.001057	0.003361	-0.000522	0.000495	0.002091	-0.000650	-0.000766	0.000655	0.000000	-0.000915	-0.000680	-0.000459	-0.000165
-0.004774	-0.002752	-0.000199	0.014647	-0.001107	-0.000000	-0.007145	-0.003191	0.010776	-0.002644	-0.003039	-0.013061	0.037357	0.004257	-0.010658	-0.000766	-0.100341	0.004933	-0.000000	0.040094	0.001097	-0.009584	-0.003465
-0.005626	-0.018405	0.000016	-0.001050	-0.009137	-0.000000	-0.012567	0.005493	-0.012044	-0.001171	0.005814	0.011197	-0.000401	0.009148	0.033998	0.000655	0.004933	-0.029386	-0.000000	-0.028138	0.013624	0.006538	-0.000313
0.000000	-0.000000	0.000000	-0.000000	-0.000000	0.000000	-0.000000	0.000000	-0.000000	0.000000	0.000000	0.000000	-0.000000	-0.000000	0.000000	0.000000	-0.000000	-0.000000	-0.000000	-0.000000	0.000000	0.000000	0.000000
0.021128	0.015691	-0.000180	0.020095	0.037455	-0.000000	0.011180	-0.007900	0.001069	-0.000504	-0.011769	-0.019076	-0.004761	-0.010599	-0.021855	-0.000915	0.040094	-0.028138	-0.000000	-0.096218	0.001022	-0.000866	0.006514
0.001773	-0.007004	-0.000020	-0.008239	-0.002126	0.000000	-0.008977	-0.004968	-0.013389	0.001086	0.004958	0.006973	-0.002572	-0.003299	0.001032	-0.000680	0.001097	0.013624	0.000000	0.001022	-0.012922	0.009881	0.004963
-0.010733	-0.013815	-0.000033	-0.007426	0.000464	0.000000	0.007114	0.016767	0.001614	0.001193	0.010472	-0.005317	-0.010102	0.001111	-0.005214	-0.000459	-0.009584	0.006538	0.000000	-0.000866	0.009881	-0.024156	0.008231
-0.001120	-0.002691	-0.000025	-0.002947	-0.001291	0.000000	-0.001927	-0.001532	-0.003114	-0.000229	-0.000819	-0.000375	-0.001601	-0.000298	-0.000248	-0.000165	-0.003465	-0.000313	0.000000	0.006514	0.004963	0.008231	-0.000313
