0.000000	0.061243	0.000655	0.040742	0.039167	0.000000	0.009103	0.007118	0.027105	0.001906	0.011601	0.016700	0.027314	0.023549	0.016584	0.002354	0.033633	0.015159	0.000000	0.058737	0.015556	0.008112	0.001023
0.061243	0.000000	0.000850	0.153290	0.103778	0.000000	0.052925	0.033995	0.141414	0.008668	0.031743	0.016979	0.069506	0.027363	0.024980	0.006495	0.091891	0.032813	0.000000	0.108369	0.026960	0.032622	0.002591
0.000655	0.000850	0.000000	0.000475	0.000377	0.000000	0.000038	0.000210	0.000256	0.000004	0.000178	0.000140	0.000216	0.000237	0.000187	0.000098	0.000269	0.000269	0.000000	0.000278	0.000148	0.000197	0.000001
0.040742	0.153290	0.000475	0.000000	0.117245	0.000000	0.058433	0.056225	0.156645	0.006792	0.041729	0.021077	0.072501	0.034478	0.028807	0.005800	0.123410	0.057809	0.000000	0.126601	0.030792	0.045938	0.003124
0.039167	0.103778	0.000377	0.117245	0.000000	0.000000	0.074108	0.020304	0.050174	0.005522	0.024829	0.021196	0.036230	0.039559	0.029185	0.007643	0.078663	0.034032	0.000000	0.115568	0.026501	0.039603	0.003162
0.000000	0.000000	0.000000	0.000000	0.000000	0.000000	0.000000	0.000000	0.000000	0.000000	0.000000	0.000000	0.000000	0.000000	0.000000	0.000000	0.000000	0.000000	0.000000	0.000000	0.000000	0.000000	0.000000
0.009103	0.052925	0.000038	0.058433	0.074108	0.000000	0.000000	0.021467	0.070096	0.002064	0.023474	0.018118	0.050500	0.032142	0.017123	0.004018	0.049471	0.018071	0.000000	0.066620	0.011341	0.034893	0.001233
0.007118	0.033995	0.000210	0.056225	0.020304	0.000000	0.021467	0.000000	0.040703	0.010244	0.024265	0.011520	0.020587	0.018107	0.024403	0.002818	0.036673	0.027067	0.000000	0.031137	0.009338	0.036327	0.000693
0.027105	0.141414	0.000256	0.156645	0.050174	0.000000	0.070096	0.040703	0.000000	0.006174	0.033544	0.025136	0.080159	0.039862	0.029085	0.004318	0.103448	0.038107	0.000000	0.091817	0.019867	0.047084	0.002059
0.001906	0.008668	0.000004	0.006792	0.005522	0.000000	0.002064	0.010244	0.006174	0.000000	0.004756	0.005961	0.005626	0.002416	0.004605	0.000789	0.005857	0.003429	0.000000	0.007820	0.004137	0.005364	0.000245
0.011601	0.031743	0.000178	0.041729	0.024829	0.000000	0.023474	0.024265	0.033544	0.004756	0.000000	0.041756	0.036717	0.025828	0.038032	0.004831	0.043849	0.031189	0.000000	0.034146	0.021784	0.033477	0.001798
0.016700	0.016979	0.000140	0.021077	0.021196	0.000000	0.018118	0.011520	0.025136	0.005961	0.041756	0.000000	0.031454	0.085800	0.046505	0.006926	0.031235	0.035168	0.000000	0.024301	0.022870	0.016417	0.002097
0.027314	0.069506	0.000216	0.072501	0.036230	0.000000	0.050500	0.020587	0.080159	0.005626	0.036717	0.031454	0.000000	0.052875	0.031128	0.005297	0.109662	0.038728	0.000000	0.066044	0.023375	0.025375	0.002435
0.023549	0.027363	0.000237	0.034478	0.039559	0.000000	0.032142	0.018107	0.039862	0.002416	0.025828	0.085800	0.052875	0.000000	0.049811	0.005228	0.063063	0.040971	0.000000	0.046986	0.017804	0.029964	0.002984
0.016584	0.024980	0.000187	0.028807	0.029185	0.000000	0.017123	0.024403	0.029085	0.004605	0.038032	0.046505	0.031128	0.049811	0.000000	0.005804	0.035477	0.058965	0.000000	0.023322	0.017588	0.017422	0.002327
0.002354	0.006495	0.000098	0.005800	0.007643	0.000000	0.004018	0.002818	0.004318	0.000789	0.004831	0.006926	0.005297	0.005228	0.005804	0.000000	0.007310	0.005025	0.000000	0.006993	0.002218	0.003504	0.000286
0.033633	0.091891	0.000269	0.123410	0.078663	0.000000	0.049471	0.036673	0.103448	0.005857	0.043849	0.031235	0.109662	0.063063	0.035477	0.007310	0.000000	0.059234	0.000000	0.138352	0.037105	0.039648	0.002135
0.015159	0.032813	0.000269	0.057809	0.034032	0.000000	0.018071	0.027067	0.038107	0.003429	0.031189	0.035168	0.038728	0.040971	0.058965	0.005025	0.059234	0.000000	0.000000	0.025036	0.033110	0.033181	0.002718
0.000000	0.000000	0.000000	0.000000	0.000000	0.000000	0.000000	0.000000	0.000000	0.000000	0.000000	0.000000	0.000000	0.000000	0.000000	0.000000	0.000000	0.000000	0.000000	0.000000	0.000000	0.000000	0.000000
0.058737	0.108369	0.000278	0.126601	0.115568	0.000000	0.066620	0.031137	0.091817	0.007820	0.034146	0.024301	0.066044	0.046986	0.023322	0.006993	0.138352	0.025036	0.000000	0.000000	0.036283	0.047344	0.011998
0.015556	0.026960	0.000148	0.030792	0.026501	0.000000	0.011341	0.009338	0.019867	0.004137	0.021784	0.022870	0.023375	0.017804	0.017588	0.002218	0.037105	0.033110	0.000000	0.036283	0.000000	0.027548	0.006973
0.008112	0.032622	0.000197	0.045938	0.039603	0.000000	0.034893	0.036327	0.047084	0.005364	0.033477	0.016417	0.025375	0.029964	0.017422	0.003504	0.039648	0.033181	0.000000	0.047344	0.027548	0.000000	0.010979
0.001023	0.002591	0.000001	0.003124	0.003162	0.000000	0.001233	0.000693	0.002059	0.000245	0.001798	0.002097	0.002435	0.002984	0.002327	0.000286	0.002135	0.002718	0.000000	0.011998	0.006973	0.010979	0.000000
