1	2	3	4	5	6	7	8	9	10	11	12	13	14	15	16	17	18	19	20	21	22	23	24	25	26	27	28	29	30	31	32	33	34	35	36	37	38	39	40
1PYI_A	3	4	5	6	7	8	9	10	11	12	13	14	15	16	17	18	19	20	21	22	23	24	25	26	27	28	29	30	31	32	33	34	35	36	37	38	51	52	53	54
1PYI_B	3	4	5	6	7	8	9	10	11	12	13	14	15	16	17	18	19	20	21	22	23	24	25	26	27	28	29	30	31	32	33	34	35	36	37	38	51	52	53	54
1ZME_C	2	3	4	5	6	7	8	9	10	11	12	13	14	15	0	16	17	18	19	20	21	22	23	24	25	26	27	28	29	30	31	32	33	34	35	36	49	50	51	52
1ZME_D	2	3	4	5	6	7	8	9	10	11	12	13	14	15	0	16	17	18	19	20	21	22	23	24	25	26	27	28	29	30	31	32	33	34	35	36	49	50	51	52
2ERG_A	1	2	3	4	5	6	7	8	9	10	11	12	13	14	18	19	20	21	22	23	24	25	26	27	28	29	30	31	32	33	34	35	36	37	38	39	51	52	53	54
2ERG_B	1	2	3	4	5	6	7	8	9	10	11	12	13	14	18	19	20	21	22	23	24	25	26	27	28	29	30	31	32	33	34	35	36	37	38	39	51	52	53	54
2ER8_A	4	5	6	7	8	9	10	11	12	13	14	15	16	17	21	22	23	24	25	26	27	28	29	30	31	32	33	34	35	36	37	38	39	40	41	42	54	55	56	57
2ER8_B	3	4	5	6	7	8	9	10	11	12	13	14	15	16	20	21	22	23	24	25	26	27	28	29	30	31	32	33	34	35	36	37	38	39	40	41	53	54	55	56
2ER8_C	3	4	5	6	7	8	9	10	11	12	13	14	15	16	20	21	22	23	24	25	26	27	28	29	30	31	32	33	34	35	36	37	38	39	40	41	53	54	55	56
2ER8_D	4	5	6	7	8	9	10	11	12	13	14	15	16	17	21	22	23	24	25	26	27	28	29	30	31	32	33	34	35	36	37	38	39	40	41	42	54	55	56	57
2ERE_A	1	2	3	4	5	6	7	8	9	10	11	12	13	14	0	0	15	16	17	18	19	20	21	22	23	24	25	26	27	28	29	30	31	32	33	34	46	47	48	49
2ERE_B	1	2	3	4	5	6	7	8	9	10	11	12	13	14	0	0	15	16	17	18	19	20	21	22	23	24	25	26	27	28	29	30	31	32	33	34	46	47	48	49
1D66_A	2	3	4	5	6	7	8	9	10	11	12	13	14	15	16	17	18	19	20	21	22	23	24	25	26	27	28	29	30	31	32	33	34	35	36	37	50	51	52	53
1D66_B	2	3	4	5	6	7	8	9	10	11	12	13	14	15	16	17	18	19	20	21	22	23	24	25	26	27	28	29	30	31	32	33	34	35	36	37	50	51	52	53
3COQ_A	2	3	4	5	6	7	8	9	10	11	12	13	14	15	16	17	18	19	20	21	22	23	24	25	26	27	28	29	30	31	32	33	34	35	36	37	50	51	52	53
3COQ_B	2	3	4	5	6	7	8	9	10	11	12	13	14	15	16	17	18	19	20	21	22	23	24	25	26	27	28	29	30	31	32	33	34	35	36	37	50	51	52	53
TF_ref	1	2	3	4	5	6	7	8	9	10	11	12	13	14	15	16	17	18	19	20	21	22	23	24	25	26	27	28	29	30	31	32	33	34	35	36	37	38	39	40
1HWT_C	4	5	6	7	8	9	10	11	12	13	14	15	16	17	18	19	20	21	22	23	24	25	26	27	28	29	30	31	32	35	36	37	38	39	40	41	59	60	61	62
1HWT_D	8	9	10	11	12	13	14	15	16	17	18	19	20	21	22	23	24	25	26	27	28	29	30	31	32	33	34	35	36	39	40	41	42	43	44	45	63	64	65	66
1HWT_G	4	5	6	7	8	9	10	11	12	13	14	15	16	17	18	19	20	21	22	23	24	25	26	27	28	29	30	31	32	35	36	37	38	39	40	41	59	60	61	62
1HWT_H	7	8	9	10	11	12	13	14	15	16	17	18	19	20	21	22	23	24	25	26	27	28	29	30	31	32	33	34	35	38	39	40	41	42	43	44	62	63	64	65
1QP9_B	7	8	9	10	11	12	13	14	15	16	17	18	19	20	21	22	23	24	25	26	27	28	29	30	31	32	33	34	35	38	39	40	41	42	43	44	62	63	64	65
1QP9_A	8	9	10	11	12	13	14	15	16	17	18	19	20	21	22	23	24	25	26	27	28	29	30	31	32	33	34	35	36	39	40	41	42	43	44	45	63	64	65	66
1QP9_C	5	6	7	8	9	10	11	12	13	14	15	16	17	18	19	20	21	22	23	24	25	26	27	28	29	30	31	32	33	36	37	38	39	40	41	42	60	61	62	63
1QP9_D	8	9	10	11	12	13	14	15	16	17	18	19	20	21	22	23	24	25	26	27	28	29	30	31	32	33	34	35	36	39	40	41	42	43	44	45	63	64	65	66
2HAP_C	8	9	10	11	12	13	14	15	16	17	18	19	20	21	22	23	24	25	26	27	28	29	30	31	32	33	34	35	36	39	40	41	42	43	44	45	63	64	65	66
2HAP_D	7	8	9	10	11	12	13	14	15	16	17	18	19	20	21	22	23	24	25	26	27	28	29	30	31	32	33	34	35	38	39	40	41	42	43	44	62	63	64	65
