0.000000	0.141171	0.096766	0.033570	0.026563	0.028246	0.015061	0.007932	0.009847	0.006868	0.013953	0.008352	0.008914	0.007422	0.029290	0.013675	0.008884	0.008810	0.007166	0.010010	0.006091	0.009891	0.009125	0.004945	0.007817	0.011284	0.004837	0.007603	0.004043	0.009174	0.005087	0.006493	0.005525	0.006842	0.005743	0.005853	0.006904	0.006476	0.005906	0.004996
0.141171	0.000000	0.184248	0.027852	0.083424	0.093749	0.054302	0.008752	0.020204	0.071274	0.030934	0.015606	0.035356	0.019351	0.308871	0.032986	0.013835	0.022368	0.011764	0.031365	0.006285	0.010244	0.031921	0.005298	0.008822	0.015505	0.003016	0.008373	0.003151	0.016183	0.004971	0.005953	0.004706	0.007401	0.005075	0.004935	0.006203	0.004412	0.016661	0.004310
0.096766	0.184248	0.000000	0.027676	0.043013	0.539511	0.028193	0.018634	0.030367	0.082645	0.009560	0.052021	0.335995	0.011057	0.005412	0.002179	0.001750	0.016891	0.011237	0.324172	0.003208	0.006775	0.321037	0.002549	0.003484	0.004707	0.009641	0.004075	0.001936	0.254275	0.029373	0.007094	0.002137	0.001430	0.002017	0.002285	0.002529	0.002682	0.003742	0.002464
0.033570	0.027852	0.027676	0.000000	0.033909	0.028771	0.014680	0.012781	0.011512	0.012162	0.010150	0.006824	0.004799	0.004775	0.011513	0.009195	0.008243	0.012895	0.009392	0.004339	0.006391	0.010367	0.005357	0.004527	0.008921	0.008717	0.006043	0.008029	0.006973	0.006807	0.015297	0.020760	0.012587	0.022607	0.008032	0.006631	0.008851	0.010908	0.018740	0.014891
0.026563	0.083424	0.043013	0.033909	0.000000	0.119005	0.017486	0.047675	0.037410	0.006587	0.020083	0.006374	0.007662	0.008381	0.016528	0.009802	0.009560	0.008304	0.008784	0.006758	0.006011	0.016236	0.006226	0.005855	0.005955	0.060073	0.004349	0.042255	0.005711	0.005244	0.007714	0.018059	0.007692	0.008632	0.005576	0.005371	0.005114	0.003803	0.004971	0.005439
0.028246	0.093749	0.539511	0.028771	0.119005	0.000000	0.030693	0.030410	0.034284	0.098128	0.008756	0.053422	0.310381	0.009448	0.003546	0.001959	0.001896	0.014075	0.009963	0.315548	0.002178	0.007306	0.314264	0.002217	0.003972	0.004561	0.007286	0.004368	0.002276	0.248877	0.036454	0.005849	0.002766	0.001258	0.001589	0.002514	0.002565	0.003356	0.003814	0.001923
0.015061	0.054302	0.028193	0.014680	0.017486	0.030693	0.000000	0.005187	0.033281	0.014044	0.013745	0.023570	0.039687	0.012114	0.028344	0.006291	0.004501	0.009503	0.004575	0.031920	0.003897	0.013382	0.031863	0.004270	0.004372	0.009267	0.002385	0.006742	0.002925	0.025618	0.005220	0.005341	0.003484	0.006950	0.007887	0.003366	0.006565	0.003925	0.003416	0.004785
0.007932	0.008752	0.018634	0.012781	0.047675	0.030410	0.005187	0.000000	0.024644	0.010400	0.011437	0.003710	0.006489	0.004933	0.005361	0.003859	0.005446	0.004087	0.003961	0.008663	0.003247	0.009612	0.008463	0.004334	0.006920	0.012925	0.003663	0.007727	0.005952	0.007343	0.004480	0.005649	0.004144	0.004399	0.003308	0.004472	0.005116	0.004761	0.003885	0.004936
0.009847	0.020204	0.030367	0.011512	0.037410	0.034284	0.033281	0.024644	0.000000	0.016164	0.050365	0.011924	0.022708	0.018251	0.009994	0.006929	0.005770	0.009895	0.004865	0.020946	0.005086	0.070062	0.022676	0.004677	0.005255	0.026241	0.002255	0.015079	0.003705	0.014243	0.001820	0.003560	0.003893	0.003984	0.003867	0.003057	0.003715	0.003566	0.003306	0.002882
0.006868	0.071274	0.082645	0.012162	0.006587	0.098128	0.014044	0.010400	0.016164	0.000000	0.016346	0.032920	0.091676	0.011645	0.015216	0.006252	0.002553	0.007699	0.004695	0.077701	0.003317	0.007657	0.072006	0.001759	0.013255	0.006336	0.004424	0.005435	0.003361	0.042660	0.011445	0.006127	0.002522	0.003580	0.002820	0.001653	0.003154	0.003252	0.005878	0.004709
0.013953	0.030934	0.009560	0.010150	0.020083	0.008756	0.013745	0.011437	0.050365	0.016346	0.000000	0.039111	0.019341	0.006481	0.016015	0.007099	0.011168	0.007805	0.005410	0.011064	0.008788	0.051572	0.011091	0.005323	0.010473	0.020138	0.007063	0.016689	0.004492	0.006730	0.002222	0.003966	0.005465	0.006075	0.006527	0.004247	0.005885	0.003765	0.005024	0.003970
0.008352	0.015606	0.052021	0.006824	0.006374	0.053422	0.023570	0.003710	0.011924	0.032920	0.039111	0.000000	0.085869	0.006354	0.020994	0.003982	0.003849	0.010317	0.001910	0.058542	0.002321	0.007145	0.058120	0.002164	0.004371	0.005491	0.001590	0.004926	0.002511	0.041563	0.007655	0.002786	0.002544	0.002682	0.003328	0.002456	0.001775	0.002371	0.002979	0.003672
0.008914	0.035356	0.335995	0.004799	0.007662	0.310381	0.039687	0.006489	0.022708	0.091676	0.019341	0.085869	0.000000	0.023613	0.009018	0.005660	0.004284	0.036611	0.023879	0.452276	0.004926	0.012115	0.448553	0.003954	0.007241	0.006235	0.014810	0.005327	0.003663	0.378435	0.052203	0.011596	0.004136	0.001921	0.002082	0.002685	0.003714	0.004513	0.004175	0.003917
0.007422	0.019351	0.011057	0.004775	0.008381	0.009448	0.012114	0.004933	0.018251	0.011645	0.006481	0.006354	0.023613	0.000000	0.261237	0.152593	0.024634	0.323101	0.336061	0.017588	0.025941	0.010039	0.016828	0.008116	0.004781	0.011447	0.002152	0.006489	0.003907	0.009400	0.004963	0.011347	0.016205	0.005310	0.003232	0.003220	0.004338	0.003502	0.003967	0.003797
0.029290	0.308871	0.005412	0.011513	0.016528	0.003546	0.028344	0.005361	0.009994	0.015216	0.016015	0.020994	0.009018	0.261237	0.000000	0.030512	0.051393	0.086408	0.068894	0.007677	0.014745	0.015162	0.006257	0.006092	0.006449	0.011116	0.003415	0.008700	0.003993	0.006901	0.002853	0.005038	0.008455	0.006593	0.004662	0.005947	0.005928	0.006167	0.006156	0.007167
0.013675	0.032986	0.002179	0.009195	0.009802	0.001959	0.006291	0.003859	0.006929	0.006252	0.007099	0.003982	0.005660	0.152593	0.030512	0.000000	0.012884	0.032054	0.019090	0.003492	0.033289	0.009436	0.003230	0.011980	0.004954	0.007829	0.004560	0.006359	0.003704	0.002169	0.003460	0.005329	0.006960	0.004039	0.004614	0.003827	0.003554	0.004001	0.003689	0.003990
0.008884	0.013835	0.001750	0.008243	0.009560	0.001896	0.004501	0.005446	0.005770	0.002553	0.011168	0.003849	0.004284	0.024634	0.051393	0.012884	0.000000	0.085556	0.037665	0.004122	0.005786	0.007917	0.003583	0.007479	0.005412	0.007880	0.003482	0.005932	0.004857	0.002393	0.003800	0.003935	0.006779	0.005130	0.004003	0.004730	0.005409	0.004209	0.003688	0.005030
0.008810	0.022368	0.016891	0.012895	0.008304	0.014075	0.009503	0.004087	0.009895	0.007699	0.007805	0.010317	0.036611	0.323101	0.086408	0.032054	0.085556	0.000000	0.089715	0.033933	0.009054	0.006853	0.031064	0.005006	0.005767	0.009247	0.003202	0.009591	0.003885	0.018192	0.006480	0.011366	0.021969	0.006293	0.004397	0.003428	0.004904	0.003013	0.003194	0.003682
0.007166	0.011764	0.011237	0.009392	0.008784	0.009963	0.004575	0.003961	0.004865	0.004695	0.005410	0.001910	0.023879	0.336061	0.068894	0.019090	0.037665	0.089715	0.000000	0.019738	0.005809	0.006102	0.016882	0.018183	0.004341	0.010472	0.007930	0.007515	0.008706	0.011366	0.004778	0.004741	0.008933	0.005131	0.003840	0.005101	0.004619	0.004458	0.005600	0.005114
0.010010	0.031365	0.324172	0.004339	0.006758	0.315548	0.031920	0.008663	0.020946	0.077701	0.011064	0.058542	0.452276	0.017588	0.007677	0.003492	0.004122	0.033933	0.019738	0.000000	0.007464	0.018822	0.487348	0.003955	0.007754	0.006644	0.017970	0.006072	0.003309	0.399123	0.057572	0.013446	0.002980	0.002120	0.002119	0.003009	0.004338	0.005258	0.005429	0.003979
0.006091	0.006285	0.003208	0.006391	0.006011	0.002178	0.003897	0.003247	0.005086	0.003317	0.008788	0.002321	0.004926	0.025941	0.014745	0.033289	0.005786	0.009054	0.005809	0.007464	0.000000	0.016574	0.006136	0.008096	0.014143	0.006940	0.003464	0.004832	0.004009	0.005365	0.002599	0.003691	0.003721	0.003689	0.003343	0.003385	0.003202	0.003303	0.003077	0.003688
0.009891	0.010244	0.006775	0.010367	0.016236	0.007306	0.013382	0.009612	0.070062	0.007657	0.051572	0.007145	0.012115	0.010039	0.015162	0.009436	0.007917	0.006853	0.006102	0.018822	0.016574	0.000000	0.018968	0.004664	0.013595	0.025919	0.007447	0.017114	0.003901	0.019206	0.004678	0.004768	0.005176	0.005717	0.005097	0.004360	0.004643	0.005464	0.005268	0.004245
0.009125	0.031921	0.321037	0.005357	0.006226	0.314264	0.031863	0.008463	0.022676	0.072006	0.011091	0.058120	0.448553	0.016828	0.006257	0.003230	0.003583	0.031064	0.016882	0.487348	0.006136	0.018968	0.000000	0.005821	0.010164	0.008327	0.022534	0.008347	0.004706	0.438066	0.048142	0.011831	0.003917	0.001921	0.002012	0.002682	0.003579	0.003703	0.004211	0.002741
0.004945	0.005298	0.002549	0.004527	0.005855	0.002217	0.004270	0.004334	0.004677	0.001759	0.005323	0.002164	0.003954	0.008116	0.006092	0.011980	0.007479	0.005006	0.018183	0.003955	0.008096	0.004664	0.005821	0.000000	0.038642	0.021831	0.015143	0.013756	0.011825	0.009236	0.002777	0.003277	0.003579	0.003944	0.003455	0.003702	0.003363	0.003343	0.003847	0.003249
0.007817	0.008822	0.003484	0.008921	0.005955	0.003972	0.004372	0.006920	0.005255	0.013255	0.010473	0.004371	0.007241	0.004781	0.006449	0.004954	0.005412	0.005767	0.004341	0.007754	0.014143	0.013595	0.010164	0.038642	0.000000	0.061987	0.019197	0.020987	0.013328	0.011248	0.002895	0.004497	0.003273	0.004707	0.003494	0.002777	0.004508	0.003680	0.003590	0.003263
0.011284	0.015505	0.004707	0.008717	0.060073	0.004561	0.009267	0.012925	0.026241	0.006336	0.020138	0.005491	0.006235	0.011447	0.011116	0.007829	0.007880	0.009247	0.010472	0.006644	0.006940	0.025919	0.008327	0.021831	0.061987	0.000000	0.027737	0.087385	0.021191	0.010877	0.005392	0.006557	0.006770	0.004371	0.004536	0.005203	0.005291	0.004594	0.004743	0.005167
0.004837	0.003016	0.009641	0.006043	0.004349	0.007286	0.002385	0.003663	0.002255	0.004424	0.007063	0.001590	0.014810	0.002152	0.003415	0.004560	0.003482	0.003202	0.007930	0.017970	0.003464	0.007447	0.022534	0.015143	0.019197	0.027737	0.000000	0.027137	0.023726	0.029536	0.001975	0.004847	0.004439	0.002760	0.002617	0.002692	0.003883	0.002470	0.002650	0.003432
0.007603	0.008373	0.004075	0.008029	0.042255	0.004368	0.006742	0.007727	0.015079	0.005435	0.016689	0.004926	0.005327	0.006489	0.008700	0.006359	0.005932	0.009591	0.007515	0.006072	0.004832	0.017114	0.008347	0.013756	0.020987	0.087385	0.027137	0.000000	0.038406	0.006829	0.004401	0.005535	0.005852	0.004891	0.005062	0.003346	0.004579	0.004478	0.004927	0.004599
0.004043	0.003151	0.001936	0.006973	0.005711	0.002276	0.002925	0.005952	0.003705	0.003361	0.004492	0.002511	0.003663	0.003907	0.003993	0.003704	0.004857	0.003885	0.008706	0.003309	0.004009	0.003901	0.004706	0.011825	0.013328	0.021191	0.023726	0.038406	0.000000	0.008990	0.003837	0.006851	0.004931	0.003146	0.003960	0.003888	0.003717	0.002826	0.003499	0.003280
0.009174	0.016183	0.254275	0.006807	0.005244	0.248877	0.025618	0.007343	0.014243	0.042660	0.006730	0.041563	0.378435	0.009400	0.006901	0.002169	0.002393	0.018192	0.011366	0.399123	0.005365	0.019206	0.438066	0.009236	0.011248	0.010877	0.029536	0.006829	0.008990	0.000000	0.021926	0.006102	0.004731	0.001728	0.001908	0.002002	0.011729	0.009629	0.009759	0.011581
0.005087	0.004971	0.029373	0.015297	0.007714	0.036454	0.005220	0.004480	0.001820	0.011445	0.002222	0.007655	0.052203	0.004963	0.002853	0.003460	0.003800	0.006480	0.004778	0.057572	0.002599	0.004678	0.048142	0.002777	0.002895	0.005392	0.001975	0.004401	0.003837	0.021926	0.000000	0.283592	0.164362	0.028795	0.012732	0.016839	0.008414	0.011049	0.033241	0.016396
0.006493	0.005953	0.007094	0.020760	0.018059	0.005849	0.005341	0.005649	0.003560	0.006127	0.003966	0.002786	0.011596	0.011347	0.005038	0.005329	0.003935	0.011366	0.004741	0.013446	0.003691	0.004768	0.011831	0.003277	0.004497	0.006557	0.004847	0.005535	0.006851	0.006102	0.283592	0.000000	0.368648	0.151405	0.055750	0.029318	0.013094	0.016332	0.046537	0.016244
0.005525	0.004706	0.002137	0.012587	0.007692	0.002766	0.003484	0.004144	0.003893	0.002522	0.005465	0.002544	0.004136	0.016205	0.008455	0.006960	0.006779	0.021969	0.008933	0.002980	0.003721	0.005176	0.003917	0.003579	0.003273	0.006770	0.004439	0.005852	0.004931	0.004731	0.164362	0.368648	0.000000	0.348697	0.146087	0.083728	0.011130	0.008206	0.019136	0.014063
0.006842	0.007401	0.001430	0.022607	0.008632	0.001258	0.006950	0.004399	0.003984	0.003580	0.006075	0.002682	0.001921	0.005310	0.006593	0.004039	0.005130	0.006293	0.005131	0.002120	0.003689	0.005717	0.001921	0.003944	0.004707	0.004371	0.002760	0.004891	0.003146	0.001728	0.028795	0.151405	0.348697	0.000000	0.344840	0.228909	0.015207	0.011051	0.011998	0.009720
0.005743	0.005075	0.002017	0.008032	0.005576	0.001589	0.007887	0.003308	0.003867	0.002820	0.006527	0.003328	0.002082	0.003232	0.004662	0.004614	0.004003	0.004397	0.003840	0.002119	0.003343	0.005097	0.002012	0.003455	0.003494	0.004536	0.002617	0.005062	0.003960	0.001908	0.012732	0.055750	0.146087	0.344840	0.000000	0.305013	0.017634	0.009937	0.011035	0.009168
0.005853	0.004935	0.002285	0.006631	0.005371	0.002514	0.003366	0.004472	0.003057	0.001653	0.004247	0.002456	0.002685	0.003220	0.005947	0.003827	0.004730	0.003428	0.005101	0.003009	0.003385	0.004360	0.002682	0.003702	0.002777	0.005203	0.002692	0.003346	0.003888	0.002002	0.016839	0.029318	0.083728	0.228909	0.305013	0.000000	0.036342	0.020786	0.022190	0.010630
0.006904	0.006203	0.002529	0.008851	0.005114	0.002565	0.006565	0.005116	0.003715	0.003154	0.005885	0.001775	0.003714	0.004338	0.005928	0.003554	0.005409	0.004904	0.004619	0.004338	0.003202	0.004643	0.003579	0.003363	0.004508	0.005291	0.003883	0.004579	0.003717	0.011729	0.008414	0.013094	0.011130	0.015207	0.017634	0.036342	0.000000	0.180615	0.192070	0.087756
0.006476	0.004412	0.002682	0.010908	0.003803	0.003356	0.003925	0.004761	0.003566	0.003252	0.003765	0.002371	0.004513	0.003502	0.006167	0.004001	0.004209	0.003013	0.004458	0.005258	0.003303	0.005464	0.003703	0.003343	0.003680	0.004594	0.002470	0.004478	0.002826	0.009629	0.011049	0.016332	0.008206	0.011051	0.009937	0.020786	0.180615	0.000000	0.188319	0.139100
0.005906	0.016661	0.003742	0.018740	0.004971	0.003814	0.003416	0.003885	0.003306	0.005878	0.005024	0.002979	0.004175	0.003967	0.006156	0.003689	0.003688	0.003194	0.005600	0.005429	0.003077	0.005268	0.004211	0.003847	0.003590	0.004743	0.002650	0.004927	0.003499	0.009759	0.033241	0.046537	0.019136	0.011998	0.011035	0.022190	0.192070	0.188319	0.000000	0.177008
0.004996	0.004310	0.002464	0.014891	0.005439	0.001923	0.004785	0.004936	0.002882	0.004709	0.003970	0.003672	0.003917	0.003797	0.007167	0.003990	0.005030	0.003682	0.005114	0.003979	0.003688	0.004245	0.002741	0.003249	0.003263	0.005167	0.003432	0.004599	0.003280	0.011581	0.016396	0.016244	0.014063	0.009720	0.009168	0.010630	0.087756	0.139100	0.177008	0.000000
