# MISTIC
# http://mistic.leloir.org.ar
# "Mistic: Mutual Information Server to Infer Coevolution". Franco L Simonetti, Elin Teppa, Ariel Chernomoretz, Morten Nielsen, Cristina Marino Buslje
# Cumulative MI
# resnum	CMI
1	63.652089
2	23.317749
3	16.537599
4	13.092921
5	28.843675
6	13.478269
7	6.656784
8	19.562363
9	6.793844
10	39.586002
11	21.850275
12	0
13	0
14	25.934896
15	9.92829
16	8.392504
17	0
18	0
19	13.417387
20	7.193596
21	41.222933
22	10.319217
23	0
24	0
25	0
26	6.754439
27	0
28	24.779183
29	38.128488
30	0
31	6.966385
32	7.193596
33	0
34	36.988254
35	16.133242
36	6.774688
37	6.966385
38	40.109308
39	0
40	0
41	15.754362
42	52.356634
43	15.186445
44	15.67019
45	24.137703
46	0
47	0
48	16.374272
49	15.633486
50	53.694274
51	7.519559
52	46.902416
53	16.25886
54	21.994856
55	29.128054
56	30.107522
57	7.601571
58	6.506049
59	0
60	29.935212
61	0
62	0
63	0
64	14.531678
65	6.586329
66	6.824142
67	7.722668
68	0
69	30.236979
70	0
71	0
72	32.251451
73	0
74	0
75	0
76	24.641524
77	14.746969
78	6.724836
79	0
80	21.158256
81	24.268972
