# MISTIC
# http://mistic.leloir.org.ar
# "Mistic: Mutual Information Server to Infer Coevolution". Franco L Simonetti, Elin Teppa, Ariel Chernomoretz, Morten Nielsen, Cristina Marino Buslje
# Cumulative MI
# resnum	CMI
1	33.376801
2	16.552415
3	46.340527
4	51.616754
5	117.646036
6	75.226178
7	121.308376
8	69.24495
9	30.190769
10	23.337303
11	103.256544
12	54.917894
13	56.434439
14	50.098415
15	16.394637
16	53.353529
17	57.791671
18	107.846012
19	29.294101
20	35.379309
21	52.329603
22	70.798912
23	47.463768
24	64.115727
25	77.616332
26	101.902298
27	65.901834
28	82.585401
29	139.936615
30	91.156439
31	48.63346
32	45.305797
33	14.645856
34	37.312038
35	47.345284
36	42.531172
37	73.500794
38	22.393234
39	51.328925
40	29.293979
41	108.216513
42	59.214761
43	124.769052
44	24.561609
45	158.90732
46	174.895315
47	16.41646
48	26.352087
49	183.746333
50	135.853461
51	74.921338
52	29.526023
53	157.28126
54	110.401763
55	95.849006
56	23.638639
57	134.036224
