# MISTIC
# http://mistic.leloir.org.ar
# "Mistic: Mutual Information Server to Infer Coevolution". Franco L Simonetti, Elin Teppa, Ariel Chernomoretz, Morten Nielsen, Cristina Marino Buslje
# Cumulative MI
# resnum	CMI
1	138.868133
2	102.451803
3	13.592085
4	0
5	27.213556
6	187.724645
7	15.807756
8	70.312647
9	107.721272
10	61.065907
11	58.33063
12	129.600959
13	41.384532
14	17.737419
15	78.902879
16	30.134519
17	33.394298
18	26.370445
19	99.917284
20	52.797122
21	33.327243
22	36.897822
23	77.220082
24	44.188437
25	31.888728
26	82.21087
27	75.077372
28	115.841791
29	69.694745
30	34.115221
31	17.696701
32	84.832948
33	6.631196
34	35.11334
35	50.988378
36	31.50601
37	31.834008
38	52.114209
39	0
40	7.006434
41	23.425804
42	74.904749
43	42.795963
44	31.848457
45	24.436494
46	79.14017
47	0
48	55.510372
49	68.396677
50	17.540351
51	52.762003
52	34.698872
53	62.220839
54	23.891907
55	30.176636
56	43.165428
57	126.973697
58	30.496648
59	26.989211
60	99.651592
61	235.858435
62	20.090663
63	8.846082
64	65.867136
65	209.973884
66	207.578684
67	103.283734
68	14.671623
69	12.432335
