# MISTIC
# http://mistic.leloir.org.ar
# "Mistic: Mutual Information Server to Infer Coevolution". Franco L Simonetti, Elin Teppa, Ariel Chernomoretz, Morten Nielsen, Cristina Marino Buslje
# Cumulative MI
# resnum	CMI
1	101.295139
2	113.989033
3	63.989313
4	6.687016
5	0
6	14.368823
7	69.307318
8	103.891159
9	0
10	6.713458
11	84.069063
12	85.195477
13	8.313656
14	7.573191
15	25.965863
16	22.39898
17	11.279598
18	0
19	0
20	7.573191
21	18.442613
22	11.279598
23	0
24	39.993484
25	19.153612
26	0
27	13.692359
28	13.176972
29	21.677218
30	62.817967
31	64.909439
32	84.031037
33	19.017355
34	36.254177
35	125.524296
36	0
37	22.80718
38	53.005073
39	0
40	69.074969
41	34.435855
42	44.857225
43	32.430514
44	0
45	7.176917
46	7.183797
47	111.386332
48	89.617032
49	95.813067
50	88.487868
51	96.397811
52	61.995468
53	49.90439
54	21.088663
55	68.897231
56	6.919647
57	62.131871
58	46.9184
59	34.139038
60	16.827849
61	0
62	0
63	17.345285
64	8.13989
65	32.582592
66	69.428632
67	38.28639
68	45.852943
69	8.01944
70	0
71	0
72	0
73	14.290106
74	9.902921
75	30.027547
76	16.655107
77	0
78	18.6453
79	0
80	49.187205
81	78.947366
82	56.792106
83	52.264359
84	71.09465
85	66.242066
86	54.103351
