# MISTIC
# http://mistic.leloir.org.ar
# "Mistic: Mutual Information Server to Infer Coevolution". Franco L Simonetti, Elin Teppa, Ariel Chernomoretz, Morten Nielsen, Cristina Marino Buslje
# Cumulative MI
# resnum	CMI
1	35.314623
2	30.201257
3	51.980296
4	89.814567
5	134.382371
6	149.206128
7	39.188483
8	184.133991
9	13.553597
10	42.571486
11	36.875113
12	32.155803
13	157.221598
14	110.394837
15	112.496949
16	51.810142
17	43.99913
18	16.305131
19	176.156789
20	97.195079
21	75.220628
22	45.271326
23	13.733612
24	83.049073
25	12.62508
26	28.896763
27	14.799651
28	15.201932
29	0
30	0
31	50.816713
32	68.88126
33	82.859758
34	81.929964
35	75.469475
36	56.743884
37	18.664967
38	78.505822
39	135.102004
40	53.331256
41	101.352669
42	89.527725
43	62.898326
44	0
45	87.378316
46	138.979408
47	55.062352
48	55.591284
49	37.703901
50	30.698793
51	47.4141
52	35.289755
53	53.563481
54	28.13306
55	26.424918
