# MISTIC
# http://mistic.leloir.org.ar
# "Mistic: Mutual Information Server to Infer Coevolution". Franco L Simonetti, Elin Teppa, Ariel Chernomoretz, Morten Nielsen, Cristina Marino Buslje. Nucleic Acids Research 2013; doi: 10.1093/nar/gkt427
# Wed Jan  4 04:29:15 2023
# -pf      1                    Print amino acid frequencies
# -cons    1                    Type of conservation measure [0] Shannon, [1] Kullback [2] Max freq
# -i       0.620000             Percent id for clustering
# -fsa     1                    Input is fasta format
# # Number of gaps allowed 11
# Alphabet                 A      R      N      D      C      Q      E      G      H      I      L      K      M      F      P      S      T      W      Y      V
1 Y 2.7957 AAfreq 0.0027 0.0018 0.0019 0.0025 0.0053 0.0025 0.0018 0.0018 0.0701 0.0099 0.0261 0.0041 0.0032 0.3520 0.0010 0.0062 0.0041 0.0039 0.4903 0.0088
2 N 0.6814 AAfreq 0.0387 0.0684 0.0147 0.0122 0.0042 0.0945 0.1199 0.0106 0.0094 0.0306 0.0162 0.2131 0.0084 0.0039 0.0645 0.0877 0.1042 0.0006 0.0062 0.0919
3 C 4.9215 AAfreq 0.0044 0.0012 0.0011 0.0011 0.9650 0.0008 0.0011 0.0022 0.0005 0.0030 0.0047 0.0014 0.0011 0.0014 0.0011 0.0027 0.0025 0.0003 0.0008 0.0038
4 K 0.6491 AAfreq 0.0269 0.0195 0.0960 0.1043 0.0027 0.0437 0.1153 0.0563 0.0301 0.0036 0.0279 0.0884 0.0071 0.0037 0.1537 0.1221 0.0771 0.0011 0.0034 0.0171
5 E 0.7397 AAfreq 0.0093 0.0103 0.0145 0.1177 0.0008 0.1021 0.2397 0.0269 0.0359 0.1071 0.0458 0.0367 0.0146 0.0101 0.0014 0.0087 0.0501 0.0034 0.0597 0.1052
6 C 4.9257 AAfreq 0.0044 0.0011 0.0011 0.0011 0.9654 0.0008 0.0011 0.0022 0.0005 0.0030 0.0044 0.0014 0.0011 0.0014 0.0011 0.0027 0.0025 0.0003 0.0008 0.0038
7 G 1.6610 AAfreq 0.0087 0.0090 0.0566 0.1061 0.0007 0.0253 0.0476 0.5852 0.0073 0.0015 0.0041 0.0204 0.0008 0.0022 0.0399 0.0598 0.0176 0.0020 0.0020 0.0031
8 K 2.5467 AAfreq 0.0105 0.1381 0.0048 0.0028 0.0014 0.0258 0.0172 0.0030 0.0030 0.0049 0.0079 0.7230 0.0206 0.0026 0.0017 0.0057 0.0083 0.0049 0.0091 0.0047
9 S 0.9493 AAfreq 0.1707 0.0697 0.0173 0.0107 0.0313 0.0226 0.0161 0.0616 0.0046 0.0150 0.0060 0.0388 0.0102 0.0059 0.0142 0.3335 0.1184 0.0004 0.0035 0.0494
10 F 3.6348 AAfreq 0.0030 0.0013 0.0012 0.0011 0.0058 0.0008 0.0013 0.0017 0.0012 0.0048 0.0122 0.0013 0.0018 0.8922 0.0007 0.0033 0.0045 0.0012 0.0554 0.0051
11 R 0.9527 AAfreq 0.0731 0.1026 0.0824 0.0079 0.0101 0.0065 0.0051 0.0209 0.0042 0.0420 0.0043 0.0984 0.0045 0.0039 0.0344 0.2657 0.1931 0.0004 0.0104 0.0301
12 R 1.2387 AAfreq 0.0196 0.2921 0.0451 0.0508 0.0008 0.2410 0.0216 0.0083 0.0462 0.0056 0.0126 0.0442 0.0053 0.0104 0.0015 0.0613 0.0781 0.0018 0.0306 0.0229
13 S 0.9913 AAfreq 0.0483 0.0985 0.0898 0.0042 0.0054 0.0785 0.0096 0.0097 0.0091 0.0096 0.0423 0.2294 0.0049 0.0044 0.0841 0.2312 0.0213 0.0071 0.0054 0.0070
14 S 1.2053 AAfreq 0.0595 0.0174 0.0264 0.0741 0.0056 0.0191 0.0382 0.1240 0.0153 0.0083 0.0049 0.0158 0.0027 0.0131 0.0102 0.4533 0.0399 0.0059 0.0502 0.0161
15 Y 1.1041 AAfreq 0.0516 0.0071 0.2894 0.0792 0.0031 0.0506 0.0325 0.0291 0.1431 0.0026 0.0304 0.0251 0.0088 0.0032 0.0028 0.1303 0.0584 0.0026 0.0423 0.0078
16 L 2.5669 AAfreq 0.0036 0.0034 0.0010 0.0010 0.0011 0.0020 0.0014 0.0016 0.0007 0.0100 0.8811 0.0021 0.0229 0.0335 0.0010 0.0017 0.0022 0.0020 0.0105 0.0174
17 L 0.6825 AAfreq 0.0560 0.1149 0.0878 0.0075 0.0031 0.0727 0.0421 0.0053 0.0081 0.0724 0.0319 0.2246 0.0169 0.0062 0.0017 0.0404 0.1317 0.0020 0.0075 0.0672
18 I 0.6867 AAfreq 0.0622 0.2534 0.0398 0.0178 0.0009 0.0651 0.0340 0.0109 0.0083 0.0662 0.0319 0.1201 0.0087 0.0017 0.0016 0.0751 0.0768 0.0013 0.0111 0.1132
19 H 4.7894 AAfreq 0.0028 0.0031 0.0036 0.0026 0.0005 0.0026 0.0036 0.0026 0.9568 0.0015 0.0026 0.0031 0.0010 0.0020 0.0013 0.0028 0.0018 0.0005 0.0038 0.0015
20 Q 1.3863 AAfreq 0.0147 0.0843 0.0058 0.0029 0.0009 0.2532 0.0328 0.0067 0.0113 0.1054 0.1021 0.0481 0.2439 0.0057 0.0013 0.0105 0.0190 0.0037 0.0135 0.0342
21 R 1.9390 AAfreq 0.0210 0.6037 0.0288 0.0047 0.0018 0.0353 0.0100 0.0093 0.0044 0.0177 0.0449 0.1327 0.0224 0.0033 0.0022 0.0242 0.0179 0.0009 0.0043 0.0106
22 V 1.1525 AAfreq 0.0183 0.0350 0.0146 0.0049 0.0024 0.0076 0.0069 0.0097 0.0034 0.2792 0.0562 0.0269 0.0188 0.0066 0.0014 0.0697 0.2964 0.0031 0.0040 0.1349
23 H 4.7387 AAfreq 0.0029 0.0036 0.0042 0.0033 0.0005 0.0026 0.0036 0.0030 0.9514 0.0016 0.0028 0.0038 0.0011 0.0021 0.0013 0.0039 0.0018 0.0005 0.0041 0.0018
