# MISTIC
# http://mistic.leloir.org.ar
# "Mistic: Mutual Information Server to Infer Coevolution". Franco L Simonetti, Elin Teppa, Ariel Chernomoretz, Morten Nielsen, Cristina Marino Buslje
# Cumulative MI
# resnum	CMI
1	49.554403
2	58.708637
3	60.802048
4	93.275857
5	45.776331
6	84.656284
7	61.421417
8	35.160871
9	62.606583
10	227.401179
11	153.835352
12	257.308192
13	31.194114
14	38.374467
15	135.184745
16	128.4526
17	151.239069
18	126.983603
19	228.489767
20	229.435146
21	39.435076
22	151.565372
23	49.58602
24	29.885851
25	211.790885
26	73.391547
27	117.814911
28	76.023121
29	77.113728
30	68.808849
31	0
32	74.311952
33	0
34	29.332236
35	20.859155
36	14.494209
37	10.027098
38	0
39	16.88163
40	8.97106
41	7.189616
42	39.143422
43	14.080263
44	8.97106
45	7.233961
46	22.018425
47	9.631736
48	39.705478
49	24.654972
50	25.418294
51	33.978524
52	27.604006
53	63.161959
54	42.915671
55	53.054884
56	62.556243
57	17.057976
58	29.271811
59	30.966876
60	44.837551
61	18.603795
62	30.728628
63	23.150664
64	10.453076
